 ---------------------------------------------------------------
 Surface and Strip Forces by surface

  Sref =  1.0000       Cref =  1.0000       Bref =  1.0000    
  Xref =  0.0000       Yref =  0.0000       Zref =  0.0000    

  Surface # 1     Wing                                    
     # Chordwise = 20   # Spanwise = 30     First strip =  1
     Surface area Ssurf =    0.651126     Ave. chord Cave =    0.628500

 Forces referred to Sref, Cref, Bref about Xref, Yref, Zref
 Standard axis orientation,  X fwd, Z down         
     CLsurf  =  -0.00000     Clsurf  =   0.00000
     CYsurf  =  -0.00000     Cmsurf  =   0.00000
     CDsurf  =   0.00000     Cnsurf  =   0.00000
     CDisurf =   0.00000     CDvsurf =   0.00000

 Forces referred to Ssurf, Cave 
     CLsurf  =  -0.00000     CDsurf  =   0.00000

 Strip Forces referred to Strip Area, Chord
    j     Xle      Yle      Zle      Chord    Area     c_cl     ai     cl_norm    cl       cd       cdv    cm_c/4     cm_LE   C.P.x/c
     1   0.0004   0.0007   0.0000   0.8058   0.0023  -0.0000   0.0000  -0.0000  -0.0000   0.0000   0.0000   0.0000   0.0000    0.670
     2   0.0037   0.0064   0.0000   0.8038   0.0068  -0.0000  -0.0000  -0.0000  -0.0000   0.0000   0.0000   0.0000   0.0000    0.670
     3   0.0102   0.0177   0.0000   0.8000   0.0112  -0.0000  -0.0000  -0.0000  -0.0000   0.0000   0.0000   0.0000   0.0000    0.670
     4   0.0199   0.0344   0.0000   0.7942   0.0154  -0.0000  -0.0000  -0.0000  -0.0000   0.0000   0.0000   0.0000   0.0000    0.668
     5   0.0326   0.0565   0.0000   0.7867   0.0194  -0.0000  -0.0000  -0.0000  -0.0000   0.0000   0.0000   0.0000   0.0000    0.664
     6   0.0482   0.0836   0.0000   0.7774   0.0230  -0.0000  -0.0000  -0.0000  -0.0000   0.0000   0.0000   0.0000   0.0000    0.660
     7   0.0666   0.1154   0.0000   0.7664   0.0262  -0.0000  -0.0000  -0.0000  -0.0000   0.0000   0.0000   0.0000   0.0000    0.655
     8   0.0876   0.1517   0.0000   0.7540   0.0289  -0.0000  -0.0000  -0.0000  -0.0000   0.0000   0.0000   0.0000   0.0000    0.649
     9   0.1108   0.1920   0.0000   0.7402   0.0312  -0.0000  -0.0000  -0.0000  -0.0000   0.0000   0.0000   0.0000   0.0000    0.643
    10   0.1362   0.2359   0.0000   0.7252   0.0330  -0.0000  -0.0000  -0.0000  -0.0000   0.0000   0.0000   0.0000   0.0000    0.637
    11   0.1633   0.2828   0.0000   0.7091   0.0343  -0.0000  -0.0000  -0.0000  -0.0000   0.0000   0.0000   0.0000   0.0000    0.631
    12   0.1918   0.3324   0.0000   0.6921   0.0350  -0.0000  -0.0000  -0.0000  -0.0000   0.0000   0.0000   0.0000   0.0000    0.625
    13   0.2216   0.3839   0.0000   0.6744   0.0353  -0.0000  -0.0000  -0.0000  -0.0000   0.0000   0.0000   0.0000   0.0000    0.619
    14   0.2522   0.4370   0.0000   0.6563   0.0351  -0.0000  -0.0000  -0.0000  -0.0000   0.0000   0.0000   0.0000   0.0000    0.614
    15   0.2834   0.4909   0.0000   0.6378   0.0345  -0.0000  -0.0000  -0.0000  -0.0000   0.0000   0.0000   0.0000   0.0000    0.610
    16   0.3146   0.5451   0.0000   0.6192   0.0335  -0.0000  -0.0000  -0.0000  -0.0000   0.0000   0.0000   0.0000   0.0000    0.606
    17   0.3458   0.5990   0.0000   0.6007   0.0322  -0.0000  -0.0000  -0.0000  -0.0000   0.0000   0.0000   0.0000   0.0000    0.603
    18   0.3764   0.6521   0.0000   0.5826   0.0305  -0.0000  -0.0000  -0.0000  -0.0000   0.0000   0.0000   0.0000   0.0000    0.601
    19   0.4062   0.7036   0.0000   0.5649   0.0286  -0.0000  -0.0000  -0.0000  -0.0000   0.0000   0.0000   0.0000   0.0000    0.600
    20   0.4347   0.7532   0.0000   0.5479   0.0265  -0.0000  -0.0000  -0.0000  -0.0000   0.0000   0.0000   0.0000   0.0000    0.600
    21   0.4618   0.8001   0.0000   0.5318   0.0242  -0.0000  -0.0000  -0.0000  -0.0000   0.0000   0.0000   0.0000   0.0000    0.602
    22   0.4872   0.8440   0.0000   0.5168   0.0218  -0.0000  -0.0000  -0.0000  -0.0000   0.0000   0.0000   0.0000   0.0000    0.605
    23   0.5104   0.8843   0.0000   0.5030   0.0193  -0.0000  -0.0000  -0.0000  -0.0000   0.0000   0.0000   0.0000   0.0000    0.610
    24   0.5314   0.9206   0.0000   0.4906   0.0167  -0.0000  -0.0000  -0.0000  -0.0000   0.0000   0.0000   0.0000   0.0000    0.618
    25   0.5498   0.9524   0.0000   0.4796   0.0142  -0.0000  -0.0000  -0.0000  -0.0000   0.0000   0.0000   0.0000   0.0000    0.629
    26   0.5654   0.9795   0.0000   0.4703   0.0116  -0.0000  -0.0000  -0.0000  -0.0000   0.0000   0.0000   0.0000   0.0000    0.643
    27   0.5781   1.0016   0.0000   0.4628   0.0090  -0.0000  -0.0000  -0.0000  -0.0000   0.0000   0.0000   0.0000   0.0000    0.661
    28   0.5878   1.0183   0.0000   0.4570   0.0064  -0.0000  -0.0000  -0.0000  -0.0000   0.0000   0.0000   0.0000   0.0000    0.684
    29   0.5943   1.0296   0.0000   0.4532   0.0038  -0.0000  -0.0000  -0.0000  -0.0000   0.0000   0.0000   0.0000   0.0000    0.710
    30   0.5976   1.0353   0.0000   0.4512   0.0013  -0.0000  -0.0000  -0.0000  -0.0000   0.0000   0.0000   0.0000   0.0000    0.735

  Surface # 2     Wing (YDUP)                             
     # Chordwise = 20   # Spanwise = 30     First strip = 31
     Surface area Ssurf =    0.651126     Ave. chord Cave =    0.628500

 Forces referred to Sref, Cref, Bref about Xref, Yref, Zref
 Standard axis orientation,  X fwd, Z down         
     CLsurf  =  -0.00000     Clsurf  =  -0.00000
     CYsurf  =   0.00000     Cmsurf  =   0.00000
     CDsurf  =   0.00000     Cnsurf  =  -0.00000
     CDisurf =   0.00000     CDvsurf =   0.00000

 Forces referred to Ssurf, Cave 
     CLsurf  =  -0.00000     CDsurf  =   0.00000

 Strip Forces referred to Strip Area, Chord
    j     Xle      Yle      Zle      Chord    Area     c_cl     ai     cl_norm    cl       cd       cdv    cm_c/4     cm_LE   C.P.x/c
    31   0.0004  -0.0007   0.0000   0.8058   0.0023  -0.0000   0.0000  -0.0000  -0.0000   0.0000   0.0000   0.0000  -0.0000    0.670
    32   0.0037  -0.0064   0.0000   0.8038   0.0068  -0.0000  -0.0000  -0.0000  -0.0000   0.0000   0.0000   0.0000  -0.0000    0.670
    33   0.0102  -0.0177   0.0000   0.8000   0.0112  -0.0000  -0.0000  -0.0000  -0.0000   0.0000   0.0000   0.0000  -0.0000    0.670
    34   0.0199  -0.0344   0.0000   0.7942   0.0154  -0.0000  -0.0000  -0.0000  -0.0000   0.0000   0.0000   0.0000  -0.0000    0.668
    35   0.0326  -0.0565   0.0000   0.7867   0.0194  -0.0000  -0.0000  -0.0000  -0.0000   0.0000   0.0000   0.0000  -0.0000    0.664
    36   0.0482  -0.0836   0.0000   0.7774   0.0230  -0.0000  -0.0000  -0.0000  -0.0000   0.0000   0.0000   0.0000  -0.0000    0.660
    37   0.0666  -0.1154   0.0000   0.7664   0.0262  -0.0000  -0.0000  -0.0000  -0.0000   0.0000   0.0000   0.0000  -0.0000    0.655
    38   0.0876  -0.1517   0.0000   0.7540   0.0289  -0.0000  -0.0000  -0.0000  -0.0000   0.0000   0.0000   0.0000  -0.0000    0.649
    39   0.1108  -0.1920   0.0000   0.7402   0.0312  -0.0000  -0.0000  -0.0000  -0.0000   0.0000   0.0000   0.0000  -0.0000    0.643
    40   0.1362  -0.2359   0.0000   0.7252   0.0330  -0.0000  -0.0000  -0.0000  -0.0000   0.0000   0.0000   0.0000  -0.0000    0.637
    41   0.1633  -0.2828   0.0000   0.7091   0.0343  -0.0000  -0.0000  -0.0000  -0.0000   0.0000   0.0000   0.0000  -0.0000    0.631
    42   0.1918  -0.3324   0.0000   0.6921   0.0350  -0.0000  -0.0000  -0.0000  -0.0000   0.0000   0.0000   0.0000  -0.0000    0.625
    43   0.2216  -0.3839   0.0000   0.6744   0.0353  -0.0000  -0.0000  -0.0000  -0.0000   0.0000   0.0000   0.0000  -0.0000    0.619
    44   0.2522  -0.4370   0.0000   0.6563   0.0351  -0.0000  -0.0000  -0.0000  -0.0000   0.0000   0.0000   0.0000  -0.0000    0.614
    45   0.2834  -0.4909   0.0000   0.6378   0.0345  -0.0000  -0.0000  -0.0000  -0.0000   0.0000   0.0000   0.0000  -0.0000    0.610
    46   0.3146  -0.5451   0.0000   0.6192   0.0335  -0.0000  -0.0000  -0.0000  -0.0000   0.0000   0.0000   0.0000  -0.0000    0.606
    47   0.3458  -0.5990   0.0000   0.6007   0.0322  -0.0000  -0.0000  -0.0000  -0.0000   0.0000   0.0000   0.0000  -0.0000    0.603
    48   0.3764  -0.6521   0.0000   0.5826   0.0305  -0.0000  -0.0000  -0.0000  -0.0000   0.0000   0.0000   0.0000  -0.0000    0.601
    49   0.4062  -0.7036   0.0000   0.5649   0.0286  -0.0000  -0.0000  -0.0000  -0.0000   0.0000   0.0000   0.0000  -0.0000    0.600
    50   0.4347  -0.7532   0.0000   0.5479   0.0265  -0.0000  -0.0000  -0.0000  -0.0000   0.0000   0.0000   0.0000  -0.0000    0.600
    51   0.4618  -0.8001   0.0000   0.5318   0.0242  -0.0000  -0.0000  -0.0000  -0.0000   0.0000   0.0000   0.0000  -0.0000    0.602
    52   0.4872  -0.8440   0.0000   0.5168   0.0218  -0.0000  -0.0000  -0.0000  -0.0000   0.0000   0.0000   0.0000  -0.0000    0.605
    53   0.5104  -0.8843   0.0000   0.5030   0.0193  -0.0000  -0.0000  -0.0000  -0.0000   0.0000   0.0000   0.0000  -0.0000    0.610
    54   0.5314  -0.9206   0.0000   0.4906   0.0167  -0.0000  -0.0000  -0.0000  -0.0000   0.0000   0.0000   0.0000  -0.0000    0.618
    55   0.5498  -0.9524   0.0000   0.4796   0.0142  -0.0000  -0.0000  -0.0000  -0.0000   0.0000   0.0000   0.0000  -0.0000    0.629
    56   0.5654  -0.9795   0.0000   0.4703   0.0116  -0.0000  -0.0000  -0.0000  -0.0000   0.0000   0.0000   0.0000  -0.0000    0.643
    57   0.5781  -1.0016   0.0000   0.4628   0.0090  -0.0000  -0.0000  -0.0000  -0.0000   0.0000   0.0000   0.0000  -0.0000    0.661
    58   0.5878  -1.0183   0.0000   0.4570   0.0064  -0.0000  -0.0000  -0.0000  -0.0000   0.0000   0.0000   0.0000  -0.0000    0.684
    59   0.5943  -1.0296   0.0000   0.4532   0.0038  -0.0000  -0.0000  -0.0000  -0.0000   0.0000   0.0000   0.0000  -0.0000    0.710
    60   0.5976  -1.0353   0.0000   0.4512   0.0013  -0.0000  -0.0000  -0.0000  -0.0000   0.0000   0.0000   0.0000  -0.0000    0.735
 ---------------------------------------------------------------
