 ---------------------------------------------------------------
 Surface and Strip Forces by surface

  Sref =  1.0000       Cref =  1.0000       Bref =  1.0000    
  Xref =  0.0000       Yref =  0.0000       Zref =  0.0000    

  Surface # 1     Wing                                    
     # Chordwise = 20   # Spanwise = 30     First strip =  1
     Surface area Ssurf =    0.651126     Ave. chord Cave =    0.628500

 Forces referred to Sref, Cref, Bref about Xref, Yref, Zref
 Standard axis orientation,  X fwd, Z down         
     CLsurf  =   0.14920     Clsurf  =  -0.06710
     CYsurf  =   0.00125     Cmsurf  =  -0.06223
     CDsurf  =   0.00347     Cnsurf  =  -0.00507
     CDisurf =   0.00347     CDvsurf =   0.00000

 Forces referred to Ssurf, Cave 
     CLsurf  =   0.22913     CDsurf  =   0.00533

 Strip Forces referred to Strip Area, Chord
    j     Xle      Yle      Zle      Chord    Area     c_cl     ai     cl_norm    cl       cd       cdv    cm_c/4     cm_LE   C.P.x/c
     1   0.0004   0.0007   0.0000   0.8058   0.0023   0.1749   0.0345   0.2639   0.2128   0.0693   0.0000  -0.0103  -0.0559    0.298
     2   0.0037   0.0064   0.0000   0.8038   0.0068   0.1749   0.0354   0.2693   0.2172   0.0145   0.0000  -0.0101  -0.0559    0.296
     3   0.0102   0.0177   0.0000   0.8000   0.0112   0.1750   0.0363   0.2710   0.2185   0.0112   0.0000  -0.0094  -0.0555    0.293
     4   0.0199   0.0344   0.0000   0.7942   0.0154   0.1751   0.0371   0.2732   0.2202   0.0102   0.0000  -0.0083  -0.0549    0.288
     5   0.0326   0.0565   0.0000   0.7867   0.0194   0.1751   0.0379   0.2759   0.2225   0.0094   0.0000  -0.0070  -0.0542    0.281
     6   0.0482   0.0836   0.0000   0.7774   0.0230   0.1751   0.0386   0.2793   0.2252   0.0087   0.0000  -0.0056  -0.0536    0.275
     7   0.0666   0.1154   0.0000   0.7664   0.0262   0.1750   0.0392   0.2831   0.2283   0.0081   0.0000  -0.0043  -0.0532    0.269
     8   0.0876   0.1517   0.0000   0.7540   0.0289   0.1747   0.0399   0.2873   0.2317   0.0075   0.0000  -0.0030  -0.0528    0.263
     9   0.1108   0.1920   0.0000   0.7402   0.0312   0.1741   0.0404   0.2918   0.2352   0.0070   0.0000  -0.0019  -0.0526    0.258
    10   0.1362   0.2359   0.0000   0.7252   0.0330   0.1731   0.0410   0.2963   0.2389   0.0066   0.0000  -0.0009  -0.0524    0.254
    11   0.1633   0.2828   0.0000   0.7091   0.0343   0.1718   0.0415   0.3007   0.2424   0.0062   0.0000   0.0001  -0.0524    0.250
    12   0.1918   0.3324   0.0000   0.6921   0.0350   0.1699   0.0421   0.3048   0.2457   0.0058   0.0000   0.0009  -0.0523    0.246
    13   0.2216   0.3839   0.0000   0.6744   0.0353   0.1675   0.0426   0.3084   0.2487   0.0054   0.0000   0.0017  -0.0523    0.243
    14   0.2522   0.4370   0.0000   0.6563   0.0351   0.1646   0.0433   0.3113   0.2510   0.0051   0.0000   0.0025  -0.0521    0.240
    15   0.2834   0.4909   0.0000   0.6378   0.0345   0.1609   0.0440   0.3133   0.2526   0.0047   0.0000   0.0033  -0.0518    0.237
    16   0.3146   0.5451   0.0000   0.6192   0.0335   0.1566   0.0449   0.3140   0.2532   0.0044   0.0000   0.0042  -0.0511    0.234
    17   0.3458   0.5990   0.0000   0.6007   0.0322   0.1515   0.0459   0.3132   0.2525   0.0041   0.0000   0.0051  -0.0502    0.230
    18   0.3764   0.6521   0.0000   0.5826   0.0305   0.1456   0.0471   0.3104   0.2503   0.0037   0.0000   0.0061  -0.0488    0.226
    19   0.4062   0.7036   0.0000   0.5649   0.0286   0.1388   0.0484   0.3053   0.2462   0.0034   0.0000   0.0073  -0.0469    0.221
    20   0.4347   0.7532   0.0000   0.5479   0.0265   0.1312   0.0498   0.2975   0.2399   0.0030   0.0000   0.0085  -0.0445    0.214
    21   0.4618   0.8001   0.0000   0.5318   0.0242   0.1227   0.0513   0.2865   0.2310   0.0026   0.0000   0.0099  -0.0414    0.207
    22   0.4872   0.8440   0.0000   0.5168   0.0218   0.1132   0.0529   0.2720   0.2193   0.0021   0.0000   0.0112  -0.0377    0.199
    23   0.5104   0.8843   0.0000   0.5030   0.0193   0.1027   0.0544   0.2537   0.2045   0.0017   0.0000   0.0125  -0.0334    0.189
    24   0.5314   0.9206   0.0000   0.4906   0.0167   0.0913   0.0558   0.2312   0.1864   0.0012   0.0000   0.0134  -0.0287    0.178
    25   0.5498   0.9524   0.0000   0.4796   0.0142   0.0789   0.0571   0.2046   0.1649   0.0007   0.0000   0.0138  -0.0237    0.166
    26   0.5654   0.9795   0.0000   0.4703   0.0116   0.0658   0.0582   0.1740   0.1403   0.0002   0.0000   0.0134  -0.0187    0.154
    27   0.5781   1.0016   0.0000   0.4628   0.0090   0.0520   0.0591   0.1397   0.1126  -0.0002   0.0000   0.0121  -0.0138    0.142
    28   0.5878   1.0183   0.0000   0.4570   0.0064   0.0376   0.0598   0.1022   0.0824  -0.0005   0.0000   0.0098  -0.0093    0.132
    29   0.5943   1.0296   0.0000   0.4532   0.0038   0.0227   0.0603   0.0624   0.0503  -0.0006   0.0000   0.0064  -0.0053    0.123
    30   0.5976   1.0353   0.0000   0.4512   0.0013   0.0076   0.0607   0.0210   0.0169  -0.0006   0.0000   0.0022  -0.0017    0.119

  Surface # 2     Wing (YDUP)                             
     # Chordwise = 20   # Spanwise = 30     First strip = 31
     Surface area Ssurf =    0.651126     Ave. chord Cave =    0.628500

 Forces referred to Sref, Cref, Bref about Xref, Yref, Zref
 Standard axis orientation,  X fwd, Z down         
     CLsurf  =   0.14920     Clsurf  =   0.06710
     CYsurf  =  -0.00125     Cmsurf  =  -0.06223
     CDsurf  =   0.00347     Cnsurf  =   0.00507
     CDisurf =   0.00347     CDvsurf =   0.00000

 Forces referred to Ssurf, Cave 
     CLsurf  =   0.22913     CDsurf  =   0.00533

 Strip Forces referred to Strip Area, Chord
    j     Xle      Yle      Zle      Chord    Area     c_cl     ai     cl_norm    cl       cd       cdv    cm_c/4     cm_LE   C.P.x/c
    31   0.0004  -0.0007   0.0000   0.8058   0.0023   0.1749   0.0345   0.2639   0.2128   0.0693   0.0000  -0.0103   0.0559    0.298
    32   0.0037  -0.0064   0.0000   0.8038   0.0068   0.1749   0.0354   0.2693   0.2172   0.0145   0.0000  -0.0101   0.0559    0.296
    33   0.0102  -0.0177   0.0000   0.8000   0.0112   0.1750   0.0363   0.2710   0.2185   0.0112   0.0000  -0.0094   0.0555    0.293
    34   0.0199  -0.0344   0.0000   0.7942   0.0154   0.1751   0.0371   0.2732   0.2202   0.0102   0.0000  -0.0083   0.0549    0.288
    35   0.0326  -0.0565   0.0000   0.7867   0.0194   0.1751   0.0379   0.2759   0.2225   0.0094   0.0000  -0.0070   0.0542    0.281
    36   0.0482  -0.0836   0.0000   0.7774   0.0230   0.1751   0.0386   0.2793   0.2252   0.0087   0.0000  -0.0056   0.0536    0.275
    37   0.0666  -0.1154   0.0000   0.7664   0.0262   0.1750   0.0392   0.2831   0.2283   0.0081   0.0000  -0.0043   0.0532    0.269
    38   0.0876  -0.1517   0.0000   0.7540   0.0289   0.1747   0.0399   0.2873   0.2317   0.0075   0.0000  -0.0030   0.0528    0.263
    39   0.1108  -0.1920   0.0000   0.7402   0.0312   0.1741   0.0404   0.2918   0.2352   0.0070   0.0000  -0.0019   0.0526    0.258
    40   0.1362  -0.2359   0.0000   0.7252   0.0330   0.1731   0.0410   0.2963   0.2389   0.0066   0.0000  -0.0009   0.0524    0.254
    41   0.1633  -0.2828   0.0000   0.7091   0.0343   0.1718   0.0415   0.3007   0.2424   0.0062   0.0000   0.0001   0.0524    0.250
    42   0.1918  -0.3324   0.0000   0.6921   0.0350   0.1699   0.0421   0.3048   0.2457   0.0058   0.0000   0.0009   0.0523    0.246
    43   0.2216  -0.3839   0.0000   0.6744   0.0353   0.1675   0.0426   0.3084   0.2487   0.0054   0.0000   0.0017   0.0523    0.243
    44   0.2522  -0.4370   0.0000   0.6563   0.0351   0.1646   0.0433   0.3113   0.2510   0.0051   0.0000   0.0025   0.0521    0.240
    45   0.2834  -0.4909   0.0000   0.6378   0.0345   0.1609   0.0440   0.3133   0.2526   0.0047   0.0000   0.0033   0.0518    0.237
    46   0.3146  -0.5451   0.0000   0.6192   0.0335   0.1566   0.0449   0.3140   0.2532   0.0044   0.0000   0.0042   0.0511    0.234
    47   0.3458  -0.5990   0.0000   0.6007   0.0322   0.1515   0.0459   0.3132   0.2525   0.0041   0.0000   0.0051   0.0502    0.230
    48   0.3764  -0.6521   0.0000   0.5826   0.0305   0.1456   0.0471   0.3104   0.2503   0.0037   0.0000   0.0061   0.0488    0.226
    49   0.4062  -0.7036   0.0000   0.5649   0.0286   0.1388   0.0484   0.3053   0.2462   0.0034   0.0000   0.0073   0.0469    0.221
    50   0.4347  -0.7532   0.0000   0.5479   0.0265   0.1312   0.0498   0.2975   0.2399   0.0030   0.0000   0.0085   0.0445    0.214
    51   0.4618  -0.8001   0.0000   0.5318   0.0242   0.1227   0.0513   0.2865   0.2310   0.0026   0.0000   0.0099   0.0414    0.207
    52   0.4872  -0.8440   0.0000   0.5168   0.0218   0.1132   0.0529   0.2720   0.2193   0.0021   0.0000   0.0112   0.0377    0.199
    53   0.5104  -0.8843   0.0000   0.5030   0.0193   0.1027   0.0544   0.2537   0.2045   0.0017   0.0000   0.0125   0.0334    0.189
    54   0.5314  -0.9206   0.0000   0.4906   0.0167   0.0913   0.0558   0.2312   0.1864   0.0012   0.0000   0.0134   0.0287    0.178
    55   0.5498  -0.9524   0.0000   0.4796   0.0142   0.0789   0.0571   0.2046   0.1649   0.0007   0.0000   0.0138   0.0237    0.166
    56   0.5654  -0.9795   0.0000   0.4703   0.0116   0.0658   0.0582   0.1740   0.1403   0.0002   0.0000   0.0134   0.0187    0.154
    57   0.5781  -1.0016   0.0000   0.4628   0.0090   0.0520   0.0591   0.1397   0.1126  -0.0002   0.0000   0.0121   0.0138    0.142
    58   0.5878  -1.0183   0.0000   0.4570   0.0064   0.0376   0.0598   0.1022   0.0824  -0.0005   0.0000   0.0098   0.0093    0.132
    59   0.5943  -1.0296   0.0000   0.4532   0.0038   0.0227   0.0603   0.0624   0.0503  -0.0006   0.0000   0.0064   0.0053    0.123
    60   0.5976  -1.0353   0.0000   0.4512   0.0013   0.0076   0.0607   0.0210   0.0169  -0.0006   0.0000   0.0022   0.0017    0.119
 ---------------------------------------------------------------
