 ---------------------------------------------------------------
 Surface and Strip Forces by surface

  Sref =  1.0000       Cref =  1.0000       Bref =  1.0000    
  Xref =  0.0000       Yref =  0.0000       Zref =  0.0000    

  Surface # 1     Wing                                    
     # Chordwise = 20   # Spanwise = 30     First strip =  1
     Surface area Ssurf =    0.651126     Ave. chord Cave =    0.628500

 Forces referred to Sref, Cref, Bref about Xref, Yref, Zref
 Standard axis orientation,  X fwd, Z down         
     CLsurf  =   0.22311     Clsurf  =  -0.10025
     CYsurf  =   0.00282     Cmsurf  =  -0.09297
     CDsurf  =   0.00777     Cnsurf  =  -0.01138
     CDisurf =   0.00777     CDvsurf =   0.00000

 Forces referred to Ssurf, Cave 
     CLsurf  =   0.34266     CDsurf  =   0.01194

 Strip Forces referred to Strip Area, Chord
    j     Xle      Yle      Zle      Chord    Area     c_cl     ai     cl_norm    cl       cd       cdv    cm_c/4     cm_LE   C.P.x/c
     1   0.0004   0.0007   0.0000   0.8058   0.0023   0.2613   0.0517   0.3837   0.3098   0.1551   0.0000  -0.0154  -0.0835    0.300
     2   0.0037   0.0064   0.0000   0.8038   0.0068   0.2613   0.0531   0.4007   0.3235   0.0325   0.0000  -0.0151  -0.0834    0.297
     3   0.0102   0.0177   0.0000   0.8000   0.0112   0.2614   0.0543   0.4037   0.3259   0.0252   0.0000  -0.0140  -0.0829    0.293
     4   0.0199   0.0344   0.0000   0.7942   0.0154   0.2615   0.0556   0.4071   0.3287   0.0229   0.0000  -0.0124  -0.0820    0.288
     5   0.0326   0.0565   0.0000   0.7867   0.0194   0.2616   0.0567   0.4114   0.3322   0.0211   0.0000  -0.0104  -0.0810    0.281
     6   0.0482   0.0836   0.0000   0.7774   0.0230   0.2616   0.0578   0.4165   0.3363   0.0195   0.0000  -0.0084  -0.0801    0.275
     7   0.0666   0.1154   0.0000   0.7664   0.0262   0.2614   0.0588   0.4223   0.3410   0.0181   0.0000  -0.0064  -0.0794    0.269
     8   0.0876   0.1517   0.0000   0.7540   0.0289   0.2609   0.0597   0.4287   0.3462   0.0169   0.0000  -0.0045  -0.0789    0.263
     9   0.1108   0.1920   0.0000   0.7402   0.0312   0.2600   0.0606   0.4354   0.3516   0.0157   0.0000  -0.0028  -0.0785    0.258
    10   0.1362   0.2359   0.0000   0.7252   0.0330   0.2586   0.0614   0.4422   0.3571   0.0147   0.0000  -0.0013  -0.0783    0.254
    11   0.1633   0.2828   0.0000   0.7091   0.0343   0.2566   0.0622   0.4489   0.3624   0.0138   0.0000   0.0001  -0.0783    0.250
    12   0.1918   0.3324   0.0000   0.6921   0.0350   0.2539   0.0630   0.4551   0.3675   0.0129   0.0000   0.0014  -0.0782    0.246
    13   0.2216   0.3839   0.0000   0.6744   0.0353   0.2503   0.0639   0.4606   0.3719   0.0121   0.0000   0.0026  -0.0781    0.243
    14   0.2522   0.4370   0.0000   0.6563   0.0351   0.2458   0.0649   0.4650   0.3755   0.0114   0.0000   0.0038  -0.0778    0.240
    15   0.2834   0.4909   0.0000   0.6378   0.0345   0.2404   0.0660   0.4680   0.3779   0.0106   0.0000   0.0050  -0.0773    0.237
    16   0.3146   0.5451   0.0000   0.6192   0.0335   0.2339   0.0673   0.4691   0.3788   0.0099   0.0000   0.0062  -0.0764    0.234
    17   0.3458   0.5990   0.0000   0.6007   0.0322   0.2263   0.0688   0.4679   0.3778   0.0091   0.0000   0.0076  -0.0750    0.230
    18   0.3764   0.6521   0.0000   0.5826   0.0305   0.2175   0.0705   0.4638   0.3745   0.0084   0.0000   0.0091  -0.0729    0.226
    19   0.4062   0.7036   0.0000   0.5649   0.0286   0.2074   0.0725   0.4563   0.3684   0.0075   0.0000   0.0108  -0.0701    0.221
    20   0.4347   0.7532   0.0000   0.5479   0.0265   0.1960   0.0746   0.4447   0.3590   0.0067   0.0000   0.0127  -0.0664    0.215
    21   0.4618   0.8001   0.0000   0.5318   0.0242   0.1833   0.0769   0.4283   0.3459   0.0058   0.0000   0.0148  -0.0618    0.207
    22   0.4872   0.8440   0.0000   0.5168   0.0218   0.1690   0.0792   0.4067   0.3284   0.0048   0.0000   0.0168  -0.0563    0.199
    23   0.5104   0.8843   0.0000   0.5030   0.0193   0.1534   0.0815   0.3793   0.3062   0.0037   0.0000   0.0186  -0.0499    0.189
    24   0.5314   0.9206   0.0000   0.4906   0.0167   0.1363   0.0836   0.3457   0.2792   0.0027   0.0000   0.0200  -0.0428    0.178
    25   0.5498   0.9524   0.0000   0.4796   0.0142   0.1179   0.0855   0.3060   0.2471   0.0016   0.0000   0.0206  -0.0354    0.167
    26   0.5654   0.9795   0.0000   0.4703   0.0116   0.0983   0.0872   0.2603   0.2101   0.0006   0.0000   0.0201  -0.0279    0.154
    27   0.5781   1.0016   0.0000   0.4628   0.0090   0.0777   0.0885   0.2090   0.1687  -0.0004   0.0000   0.0181  -0.0206    0.143
    28   0.5878   1.0183   0.0000   0.4570   0.0064   0.0561   0.0896   0.1530   0.1236  -0.0010   0.0000   0.0146  -0.0140    0.132
    29   0.5943   1.0296   0.0000   0.4532   0.0038   0.0339   0.0904   0.0934   0.0754  -0.0014   0.0000   0.0095  -0.0080    0.124
    30   0.5976   1.0353   0.0000   0.4512   0.0013   0.0114   0.0909   0.0315   0.0255  -0.0014   0.0000   0.0033  -0.0026    0.120

  Surface # 2     Wing (YDUP)                             
     # Chordwise = 20   # Spanwise = 30     First strip = 31
     Surface area Ssurf =    0.651126     Ave. chord Cave =    0.628500

 Forces referred to Sref, Cref, Bref about Xref, Yref, Zref
 Standard axis orientation,  X fwd, Z down         
     CLsurf  =   0.22311     Clsurf  =   0.10025
     CYsurf  =  -0.00282     Cmsurf  =  -0.09297
     CDsurf  =   0.00777     Cnsurf  =   0.01138
     CDisurf =   0.00777     CDvsurf =   0.00000

 Forces referred to Ssurf, Cave 
     CLsurf  =   0.34266     CDsurf  =   0.01194

 Strip Forces referred to Strip Area, Chord
    j     Xle      Yle      Zle      Chord    Area     c_cl     ai     cl_norm    cl       cd       cdv    cm_c/4     cm_LE   C.P.x/c
    31   0.0004  -0.0007   0.0000   0.8058   0.0023   0.2613   0.0517   0.3837   0.3098   0.1551   0.0000  -0.0154   0.0835    0.300
    32   0.0037  -0.0064   0.0000   0.8038   0.0068   0.2613   0.0531   0.4007   0.3235   0.0325   0.0000  -0.0151   0.0834    0.297
    33   0.0102  -0.0177   0.0000   0.8000   0.0112   0.2614   0.0543   0.4037   0.3259   0.0252   0.0000  -0.0140   0.0829    0.293
    34   0.0199  -0.0344   0.0000   0.7942   0.0154   0.2615   0.0556   0.4071   0.3287   0.0229   0.0000  -0.0124   0.0820    0.288
    35   0.0326  -0.0565   0.0000   0.7867   0.0194   0.2616   0.0567   0.4114   0.3322   0.0211   0.0000  -0.0104   0.0810    0.281
    36   0.0482  -0.0836   0.0000   0.7774   0.0230   0.2616   0.0578   0.4165   0.3363   0.0195   0.0000  -0.0084   0.0801    0.275
    37   0.0666  -0.1154   0.0000   0.7664   0.0262   0.2614   0.0588   0.4223   0.3410   0.0181   0.0000  -0.0064   0.0794    0.269
    38   0.0876  -0.1517   0.0000   0.7540   0.0289   0.2609   0.0597   0.4287   0.3462   0.0169   0.0000  -0.0045   0.0789    0.263
    39   0.1108  -0.1920   0.0000   0.7402   0.0312   0.2600   0.0606   0.4354   0.3516   0.0157   0.0000  -0.0028   0.0785    0.258
    40   0.1362  -0.2359   0.0000   0.7252   0.0330   0.2586   0.0614   0.4422   0.3571   0.0147   0.0000  -0.0013   0.0783    0.254
    41   0.1633  -0.2828   0.0000   0.7091   0.0343   0.2566   0.0622   0.4489   0.3624   0.0138   0.0000   0.0001   0.0783    0.250
    42   0.1918  -0.3324   0.0000   0.6921   0.0350   0.2539   0.0630   0.4551   0.3675   0.0129   0.0000   0.0014   0.0782    0.246
    43   0.2216  -0.3839   0.0000   0.6744   0.0353   0.2503   0.0639   0.4606   0.3719   0.0121   0.0000   0.0026   0.0781    0.243
    44   0.2522  -0.4370   0.0000   0.6563   0.0351   0.2458   0.0649   0.4650   0.3755   0.0114   0.0000   0.0038   0.0778    0.240
    45   0.2834  -0.4909   0.0000   0.6378   0.0345   0.2404   0.0660   0.4680   0.3779   0.0106   0.0000   0.0050   0.0773    0.237
    46   0.3146  -0.5451   0.0000   0.6192   0.0335   0.2339   0.0673   0.4691   0.3788   0.0099   0.0000   0.0062   0.0764    0.234
    47   0.3458  -0.5990   0.0000   0.6007   0.0322   0.2263   0.0688   0.4679   0.3778   0.0091   0.0000   0.0076   0.0750    0.230
    48   0.3764  -0.6521   0.0000   0.5826   0.0305   0.2175   0.0705   0.4638   0.3745   0.0084   0.0000   0.0091   0.0729    0.226
    49   0.4062  -0.7036   0.0000   0.5649   0.0286   0.2074   0.0725   0.4563   0.3684   0.0075   0.0000   0.0108   0.0701    0.221
    50   0.4347  -0.7532   0.0000   0.5479   0.0265   0.1960   0.0746   0.4447   0.3590   0.0067   0.0000   0.0127   0.0664    0.215
    51   0.4618  -0.8001   0.0000   0.5318   0.0242   0.1833   0.0769   0.4283   0.3459   0.0058   0.0000   0.0148   0.0618    0.207
    52   0.4872  -0.8440   0.0000   0.5168   0.0218   0.1690   0.0792   0.4067   0.3284   0.0048   0.0000   0.0168   0.0563    0.199
    53   0.5104  -0.8843   0.0000   0.5030   0.0193   0.1534   0.0815   0.3793   0.3062   0.0037   0.0000   0.0186   0.0499    0.189
    54   0.5314  -0.9206   0.0000   0.4906   0.0167   0.1363   0.0836   0.3457   0.2792   0.0027   0.0000   0.0200   0.0428    0.178
    55   0.5498  -0.9524   0.0000   0.4796   0.0142   0.1179   0.0855   0.3060   0.2471   0.0016   0.0000   0.0206   0.0354    0.167
    56   0.5654  -0.9795   0.0000   0.4703   0.0116   0.0983   0.0872   0.2603   0.2101   0.0006   0.0000   0.0201   0.0279    0.154
    57   0.5781  -1.0016   0.0000   0.4628   0.0090   0.0777   0.0885   0.2090   0.1687  -0.0004   0.0000   0.0181   0.0206    0.143
    58   0.5878  -1.0183   0.0000   0.4570   0.0064   0.0561   0.0896   0.1530   0.1236  -0.0010   0.0000   0.0146   0.0140    0.132
    59   0.5943  -1.0296   0.0000   0.4532   0.0038   0.0339   0.0904   0.0934   0.0754  -0.0014   0.0000   0.0095   0.0080    0.124
    60   0.5976  -1.0353   0.0000   0.4512   0.0013   0.0114   0.0909   0.0315   0.0255  -0.0014   0.0000   0.0033   0.0026    0.120
 ---------------------------------------------------------------
