 ---------------------------------------------------------------
 Surface and Strip Forces by surface

  Sref =  122.40       Cref =  4.1930       Bref =  29.192    
  Xref =  0.0000       Yref =  0.0000       Zref =  0.0000    

  Surface # 1     Wing                                    
     # Chordwise = 20   # Spanwise = 50     First strip =  1
     Surface area Ssurf =   50.941438     Ave. chord Cave =    3.328222

 Forces referred to Sref, Cref, Bref about Xref, Yref, Zref
 Standard axis orientation,  X fwd, Z down         
     CLsurf  =   0.06461     Clsurf  =  -0.01952
     CYsurf  =  -0.00692     Cmsurf  =  -0.27046
     CDsurf  =   0.00068     Cnsurf  =   0.00431
     CDisurf =   0.00068     CDvsurf =   0.00000

 Forces referred to Ssurf, Cave 
     CLsurf  =   0.15613     CDsurf  =   0.00163

 Strip Forces referred to Strip Area, Chord
    j     Xle      Yle      Zle      Chord    Area     c_cl     ai     cl_norm    cl       cd       cdv    cm_c/4     cm_LE   C.P.x/c
     1  12.7460   1.7374  -1.1360   6.0760   0.0826   0.0363   0.0833   0.0060   0.0060   0.0003   0.0000  -0.0013  -0.0028    0.475
     2  12.7460   1.7646  -1.1360   6.0760   0.2474   0.1072   0.0766   0.0176   0.0176   0.0009   0.0000  -0.0039  -0.0083    0.470
     3  12.7460   1.8188  -1.1360   6.0760   0.4113   0.1746   0.0674   0.0287   0.0287   0.0016   0.0000  -0.0061  -0.0132    0.461
     4  12.7699   1.9024  -1.1311   6.0520   0.6079   0.2382   0.0600   0.0452   0.0394   0.0021   0.0000  -0.0079  -0.0158    0.452
     5  12.8286   2.0163  -1.1191   5.9930   0.7699   0.2971   0.0538   0.0569   0.0496   0.0023   0.0000  -0.0095  -0.0195    0.441
     6  12.9015   2.1578  -1.1042   5.9197   0.9234   0.3507   0.0484   0.0680   0.0592   0.0024   0.0000  -0.0107  -0.0227    0.431
     7  12.9884   2.3264  -1.0864   5.8324   1.0666   0.3990   0.0437   0.0785   0.0684   0.0025   0.0000  -0.0117  -0.0257    0.421
     8  13.0889   2.5214  -1.0658   5.7315   1.1982   0.4421   0.0395   0.0885   0.0771   0.0025   0.0000  -0.0125  -0.0283    0.412
     9  13.2026   2.7420  -1.0426   5.6173   1.3167   0.4802   0.0357   0.0981   0.0855   0.0025   0.0000  -0.0131  -0.0307    0.403
    10  13.3290   2.9874  -1.0167   5.4902   1.4210   0.5136   0.0325   0.1073   0.0935   0.0025   0.0000  -0.0136  -0.0329    0.395
    11  13.4677   3.2566  -0.9883   5.3508   1.5102   0.5424   0.0296   0.1163   0.1014   0.0024   0.0000  -0.0140  -0.0350    0.388
    12  13.6181   3.5485  -0.9576   5.1997   1.5834   0.5669   0.0272   0.1251   0.1090   0.0024   0.0000  -0.0143  -0.0370    0.381
    13  13.7797   3.8620  -0.9245   5.0374   1.6402   0.5872   0.0251   0.1338   0.1166   0.0023   0.0000  -0.0145  -0.0389    0.375
    14  13.9517   4.1958  -0.8893   4.8646   1.6803   0.6035   0.0233   0.1423   0.1241   0.0022   0.0000  -0.0148  -0.0407    0.369
    15  14.1335   4.5486  -0.8521   4.6819   1.7035   0.6159   0.0218   0.1509   0.1315   0.0022   0.0000  -0.0150  -0.0426    0.364
    16  14.3244   4.9191  -0.8131   4.4900   1.7101   0.6244   0.0205   0.1596   0.1391   0.0021   0.0000  -0.0151  -0.0444    0.359
    17  14.5237   5.3058  -0.7723   4.2899   1.7003   0.6290   0.0193   0.1682   0.1466   0.0021   0.0000  -0.0152  -0.0462    0.354
    18  14.7305   5.7071  -0.7300   4.0821   1.6748   0.6298   0.0181   0.1770   0.1543   0.0020   0.0000  -0.0153  -0.0479    0.349
    19  14.9440   6.1214  -0.6863   3.8675   1.6345   0.6266   0.0152   0.1859   0.1620   0.0020   0.0000  -0.0151  -0.0495    0.343
    20  15.1706   6.5612  -0.6399   3.7094   1.7119   0.6244   0.0139   0.2039   0.1683   0.0018   0.0000  -0.0148  -0.0506    0.338
    21  15.4097   7.0251  -0.5909   3.6106   1.7007   0.6268   0.0166   0.2103   0.1736   0.0018   0.0000  -0.0149  -0.0519    0.336
    22  15.6532   7.4976  -0.5410   3.5100   1.6802   0.6268   0.0173   0.2163   0.1786   0.0017   0.0000  -0.0150  -0.0531    0.334
    23  15.9001   7.9767  -0.4904   3.4080   1.6510   0.6245   0.0172   0.2220   0.1832   0.0017   0.0000  -0.0150  -0.0541    0.332
    24  16.1496   8.4606  -0.4393   3.3050   1.6139   0.6200   0.0169   0.2272   0.1876   0.0016   0.0000  -0.0150  -0.0551    0.330
    25  16.4005   8.9475  -0.3879   3.2013   1.5695   0.6135   0.0165   0.2321   0.1916   0.0015   0.0000  -0.0150  -0.0560    0.328
    26  16.6519   9.4352  -0.3363   3.0974   1.5185   0.6053   0.0160   0.2367   0.1954   0.0014   0.0000  -0.0150  -0.0568    0.327
    27  16.9028   9.9221  -0.2849   2.9938   1.4619   0.5956   0.0155   0.2410   0.1989   0.0013   0.0000  -0.0149  -0.0575    0.325
    28  17.1522  10.4060  -0.2338   2.8907   1.4004   0.5844   0.0151   0.2449   0.2022   0.0012   0.0000  -0.0149  -0.0582    0.324
    29  17.3991  10.8852  -0.1832   2.7887   1.3349   0.5720   0.0148   0.2485   0.2051   0.0011   0.0000  -0.0148  -0.0588    0.322
    30  17.6426  11.3576  -0.1333   2.6881   1.2662   0.5586   0.0145   0.2517   0.2078   0.0010   0.0000  -0.0148  -0.0594    0.321
    31  17.8817  11.8215  -0.0843   2.5893   1.1950   0.5441   0.0143   0.2545   0.2101   0.0009   0.0000  -0.0147  -0.0599    0.320
    32  18.1155  12.2751  -0.0364   2.4927   1.1221   0.5289   0.0142   0.2570   0.2122   0.0009   0.0000  -0.0146  -0.0602    0.319
    33  18.3430  12.7164   0.0102   2.3987   1.0483   0.5128   0.0142   0.2590   0.2138   0.0008   0.0000  -0.0145  -0.0605    0.318
    34  18.5633  13.1439   0.0554   2.3077   0.9743   0.4961   0.0143   0.2604   0.2150   0.0007   0.0000  -0.0144  -0.0606    0.317
    35  18.7755  13.5557   0.0989   2.2200   0.9006   0.4788   0.0146   0.2612   0.2157   0.0007   0.0000  -0.0142  -0.0606    0.316
    36  18.9789  13.9504   0.1405   2.1360   0.8279   0.4607   0.0151   0.2613   0.2157   0.0006   0.0000  -0.0140  -0.0604    0.315
    37  19.1726  14.3262   0.1802   2.0560   0.7565   0.4420   0.0157   0.2604   0.2150   0.0006   0.0000  -0.0136  -0.0600    0.313
    38  19.3559  14.6818   0.2178   1.9803   0.6868   0.4224   0.0167   0.2584   0.2133   0.0005   0.0000  -0.0132  -0.0592    0.312
    39  19.5280  15.0157   0.2531   1.9092   0.6193   0.4018   0.0178   0.2549   0.2104   0.0005   0.0000  -0.0127  -0.0581    0.310
    40  19.6882  15.3266   0.2859   1.8429   0.5540   0.3799   0.0193   0.2497   0.2061   0.0005   0.0000  -0.0120  -0.0566    0.308
    41  19.8360  15.6133   0.3162   1.7819   0.4913   0.3565   0.0211   0.2423   0.2001   0.0004   0.0000  -0.0112  -0.0545    0.306
    42  19.9707  15.8747   0.3438   1.7262   0.4310   0.3313   0.0231   0.2324   0.1919   0.0004   0.0000  -0.0102  -0.0518    0.303
    43  20.0918  16.1097   0.3686   1.6762   0.3733   0.3040   0.0255   0.2197   0.1813   0.0004   0.0000  -0.0092  -0.0485    0.301
    44  20.1989  16.3174   0.3906   1.6320   0.3179   0.2744   0.0284   0.2037   0.1682   0.0003   0.0000  -0.0083  -0.0448    0.299
    45  20.2914  16.4970   0.4095   1.5937   0.2648   0.2425   0.0323   0.1843   0.1522   0.0002   0.0000  -0.0076  -0.0406    0.300
    46  20.3691  16.6477   0.4254   1.5616   0.2137   0.2078   0.0378   0.1612   0.1331  -0.0000   0.0000  -0.0072  -0.0360    0.304
    47  20.4316  16.7690   0.4382   1.5358   0.1643   0.1698   0.0455   0.1339   0.1105  -0.0003   0.0000  -0.0068  -0.0307    0.312
    48  20.4787  16.8604   0.4479   1.5164   0.1164   0.1274   0.0556   0.1018   0.0840  -0.0005   0.0000  -0.0061  -0.0242    0.323
    49  20.5102  16.9215   0.4544   1.5033   0.0694   0.0801   0.0687   0.0646   0.0533  -0.0006   0.0000  -0.0046  -0.0160    0.337
    50  20.5260  16.9522   0.4576   1.4968   0.0231   0.0278   0.0887   0.0225   0.0186  -0.0005   0.0000  -0.0019  -0.0059    0.355

  Surface # 2     Wing (YDUP)                             
     # Chordwise = 20   # Spanwise = 50     First strip = 51
     Surface area Ssurf =   50.941438     Ave. chord Cave =    3.328222

 Forces referred to Sref, Cref, Bref about Xref, Yref, Zref
 Standard axis orientation,  X fwd, Z down         
     CLsurf  =   0.06461     Clsurf  =   0.01952
     CYsurf  =   0.00692     Cmsurf  =  -0.27045
     CDsurf  =   0.00068     Cnsurf  =  -0.00431
     CDisurf =   0.00068     CDvsurf =   0.00000

 Forces referred to Ssurf, Cave 
     CLsurf  =   0.15612     CDsurf  =   0.00163

 Strip Forces referred to Strip Area, Chord
    j     Xle      Yle      Zle      Chord    Area     c_cl     ai     cl_norm    cl       cd       cdv    cm_c/4     cm_LE   C.P.x/c
    51  12.7460  -1.7374  -1.1360   6.0760   0.0826   0.0363   0.0833   0.0060   0.0060   0.0003   0.0000  -0.0013   0.0028    0.475
    52  12.7460  -1.7646  -1.1360   6.0760   0.2474   0.1072   0.0767   0.0176   0.0176   0.0009   0.0000  -0.0039   0.0083    0.470
    53  12.7460  -1.8188  -1.1360   6.0760   0.4113   0.1746   0.0675   0.0287   0.0287   0.0016   0.0000  -0.0061   0.0132    0.461
    54  12.7699  -1.9024  -1.1311   6.0520   0.6079   0.2382   0.0601   0.0452   0.0394   0.0021   0.0000  -0.0079   0.0158    0.452
    55  12.8286  -2.0163  -1.1191   5.9930   0.7699   0.2971   0.0538   0.0569   0.0496   0.0023   0.0000  -0.0095   0.0195    0.441
    56  12.9015  -2.1578  -1.1042   5.9197   0.9234   0.3507   0.0485   0.0680   0.0592   0.0024   0.0000  -0.0107   0.0227    0.431
    57  12.9884  -2.3264  -1.0864   5.8324   1.0666   0.3990   0.0437   0.0785   0.0684   0.0025   0.0000  -0.0117   0.0257    0.421
    58  13.0889  -2.5214  -1.0658   5.7315   1.1982   0.4421   0.0395   0.0885   0.0771   0.0025   0.0000  -0.0125   0.0283    0.412
    59  13.2026  -2.7420  -1.0426   5.6173   1.3167   0.4802   0.0358   0.0981   0.0855   0.0025   0.0000  -0.0131   0.0307    0.403
    60  13.3290  -2.9874  -1.0167   5.4902   1.4210   0.5136   0.0325   0.1073   0.0935   0.0025   0.0000  -0.0136   0.0329    0.395
    61  13.4677  -3.2566  -0.9883   5.3508   1.5102   0.5424   0.0297   0.1163   0.1014   0.0024   0.0000  -0.0140   0.0350    0.388
    62  13.6181  -3.5485  -0.9576   5.1997   1.5834   0.5669   0.0272   0.1251   0.1090   0.0024   0.0000  -0.0143   0.0370    0.381
    63  13.7797  -3.8620  -0.9245   5.0374   1.6402   0.5872   0.0251   0.1338   0.1166   0.0023   0.0000  -0.0145   0.0389    0.375
    64  13.9517  -4.1958  -0.8893   4.8646   1.6803   0.6035   0.0233   0.1423   0.1241   0.0022   0.0000  -0.0148   0.0407    0.369
    65  14.1335  -4.5486  -0.8521   4.6819   1.7035   0.6159   0.0218   0.1509   0.1315   0.0022   0.0000  -0.0150   0.0426    0.364
    66  14.3244  -4.9191  -0.8131   4.4900   1.7101   0.6244   0.0205   0.1595   0.1391   0.0021   0.0000  -0.0151   0.0444    0.359
    67  14.5237  -5.3058  -0.7723   4.2899   1.7003   0.6290   0.0194   0.1682   0.1466   0.0021   0.0000  -0.0152   0.0462    0.354
    68  14.7305  -5.7071  -0.7300   4.0821   1.6748   0.6298   0.0181   0.1770   0.1543   0.0020   0.0000  -0.0153   0.0479    0.349
    69  14.9440  -6.1214  -0.6863   3.8675   1.6345   0.6266   0.0153   0.1859   0.1620   0.0020   0.0000  -0.0151   0.0495    0.343
    70  15.1706  -6.5612  -0.6399   3.7094   1.7119   0.6244   0.0140   0.2039   0.1683   0.0018   0.0000  -0.0148   0.0506    0.338
    71  15.4097  -7.0251  -0.5909   3.6106   1.7007   0.6268   0.0167   0.2103   0.1736   0.0018   0.0000  -0.0149   0.0519    0.336
    72  15.6532  -7.4976  -0.5410   3.5100   1.6802   0.6268   0.0173   0.2163   0.1786   0.0017   0.0000  -0.0150   0.0531    0.334
    73  15.9001  -7.9767  -0.4904   3.4080   1.6510   0.6245   0.0173   0.2220   0.1832   0.0017   0.0000  -0.0150   0.0541    0.332
    74  16.1496  -8.4606  -0.4393   3.3050   1.6139   0.6199   0.0170   0.2272   0.1876   0.0016   0.0000  -0.0150   0.0551    0.330
    75  16.4005  -8.9475  -0.3879   3.2013   1.5695   0.6135   0.0165   0.2321   0.1916   0.0015   0.0000  -0.0150   0.0560    0.328
    76  16.6519  -9.4352  -0.3363   3.0974   1.5185   0.6053   0.0160   0.2367   0.1954   0.0014   0.0000  -0.0150   0.0568    0.327
    77  16.9028  -9.9221  -0.2849   2.9938   1.4619   0.5955   0.0156   0.2410   0.1989   0.0013   0.0000  -0.0149   0.0575    0.325
    78  17.1522 -10.4060  -0.2338   2.8907   1.4004   0.5844   0.0152   0.2449   0.2022   0.0012   0.0000  -0.0149   0.0582    0.324
    79  17.3991 -10.8852  -0.1832   2.7887   1.3349   0.5720   0.0148   0.2485   0.2051   0.0011   0.0000  -0.0148   0.0588    0.322
    80  17.6426 -11.3576  -0.1333   2.6881   1.2662   0.5585   0.0145   0.2517   0.2078   0.0010   0.0000  -0.0148   0.0594    0.321
    81  17.8817 -11.8215  -0.0843   2.5893   1.1950   0.5441   0.0143   0.2545   0.2101   0.0009   0.0000  -0.0147   0.0599    0.320
    82  18.1155 -12.2751  -0.0364   2.4927   1.1221   0.5288   0.0142   0.2570   0.2122   0.0009   0.0000  -0.0146   0.0602    0.319
    83  18.3430 -12.7164   0.0102   2.3987   1.0483   0.5128   0.0142   0.2590   0.2138   0.0008   0.0000  -0.0145   0.0605    0.318
    84  18.5633 -13.1439   0.0554   2.3077   0.9743   0.4961   0.0143   0.2604   0.2150   0.0007   0.0000  -0.0144   0.0606    0.317
    85  18.7755 -13.5557   0.0989   2.2200   0.9006   0.4787   0.0146   0.2612   0.2156   0.0007   0.0000  -0.0142   0.0606    0.316
    86  18.9789 -13.9504   0.1405   2.1360   0.8279   0.4607   0.0151   0.2613   0.2157   0.0006   0.0000  -0.0140   0.0604    0.315
    87  19.1726 -14.3262   0.1802   2.0560   0.7565   0.4420   0.0158   0.2604   0.2150   0.0006   0.0000  -0.0136   0.0600    0.313
    88  19.3559 -14.6818   0.2178   1.9803   0.6868   0.4224   0.0167   0.2584   0.2133   0.0005   0.0000  -0.0132   0.0592    0.312
    89  19.5280 -15.0157   0.2531   1.9092   0.6193   0.4018   0.0179   0.2549   0.2104   0.0005   0.0000  -0.0127   0.0581    0.310
    90  19.6882 -15.3266   0.2859   1.8429   0.5540   0.3799   0.0193   0.2497   0.2061   0.0005   0.0000  -0.0120   0.0566    0.308
    91  19.8360 -15.6133   0.3162   1.7819   0.4913   0.3565   0.0211   0.2423   0.2001   0.0004   0.0000  -0.0112   0.0545    0.306
    92  19.9707 -15.8747   0.3438   1.7262   0.4310   0.3312   0.0231   0.2324   0.1919   0.0004   0.0000  -0.0102   0.0518    0.303
    93  20.0918 -16.1097   0.3686   1.6762   0.3733   0.3040   0.0255   0.2197   0.1813   0.0004   0.0000  -0.0092   0.0485    0.301
    94  20.1989 -16.3174   0.3906   1.6320   0.3179   0.2744   0.0284   0.2037   0.1682   0.0003   0.0000  -0.0083   0.0448    0.299
    95  20.2914 -16.4970   0.4095   1.5937   0.2648   0.2425   0.0323   0.1843   0.1522   0.0002   0.0000  -0.0076   0.0406    0.300
    96  20.3691 -16.6477   0.4254   1.5616   0.2137   0.2078   0.0378   0.1612   0.1331  -0.0000   0.0000  -0.0072   0.0360    0.304
    97  20.4316 -16.7690   0.4382   1.5358   0.1643   0.1698   0.0455   0.1339   0.1105  -0.0003   0.0000  -0.0068   0.0307    0.312
    98  20.4787 -16.8604   0.4479   1.5164   0.1164   0.1274   0.0556   0.1018   0.0840  -0.0005   0.0000  -0.0061   0.0242    0.323
    99  20.5102 -16.9215   0.4544   1.5033   0.0694   0.0801   0.0688   0.0646   0.0533  -0.0006   0.0000  -0.0046   0.0160    0.337
   100  20.5260 -16.9522   0.4576   1.4968   0.0231   0.0278   0.0887   0.0225   0.0186  -0.0005   0.0000  -0.0019   0.0059    0.355

  Surface # 3     Wing                                    
     # Chordwise = 20   # Spanwise = 50     First strip =101
     Surface area Ssurf =   12.746544     Ave. chord Cave =    2.490000

 Forces referred to Sref, Cref, Bref about Xref, Yref, Zref
 Standard axis orientation,  X fwd, Z down         
     CLsurf  =  -0.00407     Clsurf  =   0.00053
     CYsurf  =   0.00049     Cmsurf  =   0.03270
     CDsurf  =  -0.00007     Cnsurf  =  -0.00058
     CDisurf =  -0.00007     CDvsurf =   0.00000

 Forces referred to Ssurf, Cave 
     CLsurf  =  -0.03940     CDsurf  =  -0.00070

 Strip Forces referred to Strip Area, Chord
    j     Xle      Yle      Zle      Chord    Area     c_cl     ai     cl_norm    cl       cd       cdv    cm_c/4     cm_LE   C.P.x/c
   101  31.4670   1.1363   0.6971   3.7434   0.0189  -0.0047  -0.0300  -0.0018  -0.0013   0.0001   0.0000  -0.0009  -0.0005   -0.466
   102  31.4747   1.1463   0.6982   3.7384   0.0566  -0.0141  -0.0298  -0.0053  -0.0038  -0.0000   0.0000  -0.0027  -0.0014   -0.458
   103  31.4902   1.1663   0.7004   3.7286   0.0938  -0.0232  -0.0293  -0.0088  -0.0062  -0.0001   0.0000  -0.0043  -0.0022   -0.444
   104  31.5134   1.1963   0.7036   3.7138   0.1303  -0.0320  -0.0286  -0.0122  -0.0086  -0.0002   0.0000  -0.0058  -0.0029   -0.423
   105  31.5442   1.2361   0.7078   3.6942   0.1657  -0.0403  -0.0276  -0.0155  -0.0109  -0.0004   0.0000  -0.0071  -0.0034   -0.398
   106  31.5824   1.2855   0.7131   3.6699   0.1999  -0.0481  -0.0263  -0.0186  -0.0131  -0.0005   0.0000  -0.0081  -0.0038   -0.368
   107  31.6279   1.3443   0.7194   3.6409   0.2325  -0.0553  -0.0248  -0.0215  -0.0152  -0.0006   0.0000  -0.0089  -0.0040   -0.334
   108  31.6806   1.4124   0.7267   3.6073   0.2633  -0.0619  -0.0232  -0.0243  -0.0172  -0.0006   0.0000  -0.0094  -0.0040   -0.297
   109  31.7401   1.4894   0.7349   3.5694   0.2922  -0.0680  -0.0214  -0.0270  -0.0190  -0.0007   0.0000  -0.0097  -0.0039   -0.257
   110  31.8064   1.5751   0.7441   3.5272   0.3188  -0.0735  -0.0196  -0.0296  -0.0208  -0.0007   0.0000  -0.0097  -0.0036   -0.215
   111  31.8791   1.6691   0.7542   3.4809   0.3430  -0.0787  -0.0179  -0.0321  -0.0226  -0.0007   0.0000  -0.0095  -0.0031   -0.172
   112  31.9579   1.7710   0.7651   3.4306   0.3648  -0.0835  -0.0161  -0.0345  -0.0243  -0.0007   0.0000  -0.0092  -0.0025   -0.129
   113  32.0426   1.8804   0.7768   3.3767   0.3839  -0.0881  -0.0144  -0.0370  -0.0261  -0.0007   0.0000  -0.0088  -0.0018   -0.086
   114  32.1327   1.9970   0.7893   3.3193   0.4004  -0.0925  -0.0128  -0.0395  -0.0279  -0.0007   0.0000  -0.0082  -0.0010   -0.046
   115  32.2280   2.1202   0.8025   3.2586   0.4140  -0.0967  -0.0113  -0.0421  -0.0297  -0.0007   0.0000  -0.0077  -0.0002   -0.008
   116  32.3280   2.2495   0.8163   3.1949   0.4249  -0.1008  -0.0099  -0.0448  -0.0316  -0.0007   0.0000  -0.0071   0.0007    0.027
   117  32.4325   2.3845   0.8308   3.1283   0.4330  -0.1048  -0.0086  -0.0475  -0.0335  -0.0007   0.0000  -0.0064   0.0015    0.058
   118  32.5408   2.5246   0.8458   3.0593   0.4383  -0.1085  -0.0074  -0.0503  -0.0355  -0.0007   0.0000  -0.0058   0.0024    0.085
   119  32.6527   2.6693   0.8613   2.9880   0.4409  -0.1119  -0.0063  -0.0531  -0.0375  -0.0007   0.0000  -0.0053   0.0032    0.109
   120  32.7677   2.8179   0.8772   2.9148   0.4410  -0.1151  -0.0053  -0.0560  -0.0395  -0.0007   0.0000  -0.0048   0.0040    0.129
   121  32.8853   2.9700   0.8935   2.8399   0.4385  -0.1178  -0.0044  -0.0588  -0.0415  -0.0007   0.0000  -0.0043   0.0048    0.147
   122  33.0051   3.1248   0.9101   2.7636   0.4337  -0.1201  -0.0036  -0.0617  -0.0435  -0.0007   0.0000  -0.0039   0.0056    0.161
   123  33.1266   3.2819   0.9269   2.6862   0.4266  -0.1220  -0.0028  -0.0644  -0.0454  -0.0007   0.0000  -0.0035   0.0062    0.174
   124  33.2492   3.4405   0.9439   2.6080   0.4175  -0.1233  -0.0021  -0.0670  -0.0473  -0.0007   0.0000  -0.0031   0.0069    0.184
   125  33.3727   3.6001   0.9609   2.5294   0.4065  -0.1240  -0.0015  -0.0696  -0.0490  -0.0007   0.0000  -0.0028   0.0075    0.192
   126  33.4963   3.7599   0.9781   2.4506   0.3939  -0.1243  -0.0010  -0.0719  -0.0507  -0.0007   0.0000  -0.0026   0.0080    0.199
   127  33.6198   3.9195   0.9951   2.3720   0.3797  -0.1239  -0.0005  -0.0741  -0.0523  -0.0007   0.0000  -0.0024   0.0084    0.204
   128  33.7424   4.0781   1.0121   2.2938   0.3643  -0.1231  -0.0001  -0.0761  -0.0537  -0.0008   0.0000  -0.0022   0.0089    0.208
   129  33.8639   4.2352   1.0289   2.2164   0.3478  -0.1217   0.0003  -0.0779  -0.0549  -0.0008   0.0000  -0.0021   0.0092    0.211
   130  33.9837   4.3900   1.0455   2.1401   0.3305  -0.1198   0.0006  -0.0794  -0.0560  -0.0008   0.0000  -0.0020   0.0095    0.214
   131  34.1013   4.5421   1.0618   2.0652   0.3124  -0.1175   0.0008  -0.0807  -0.0569  -0.0008   0.0000  -0.0020   0.0097    0.215
   132  34.2163   4.6907   1.0777   1.9920   0.2940  -0.1146   0.0010  -0.0816  -0.0576  -0.0008   0.0000  -0.0020   0.0098    0.215
   133  34.3282   4.8354   1.0932   1.9207   0.2752  -0.1114   0.0011  -0.0823  -0.0580  -0.0008   0.0000  -0.0020   0.0099    0.215
   134  34.4365   4.9755   1.1082   1.8517   0.2563  -0.1077   0.0011  -0.0825  -0.0582  -0.0008   0.0000  -0.0021   0.0099    0.214
   135  34.5410   5.1105   1.1227   1.7851   0.2374  -0.1037   0.0011  -0.0824  -0.0581  -0.0008   0.0000  -0.0022   0.0098    0.212
   136  34.6410   5.2398   1.1365   1.7214   0.2187  -0.0992   0.0011  -0.0818  -0.0576  -0.0009   0.0000  -0.0024   0.0095    0.209
   137  34.7363   5.3630   1.1497   1.6607   0.2003  -0.0944   0.0010  -0.0806  -0.0569  -0.0009   0.0000  -0.0026   0.0092    0.205
   138  34.8264   5.4796   1.1622   1.6033   0.1823  -0.0892   0.0009  -0.0789  -0.0557  -0.0008   0.0000  -0.0028   0.0088    0.200
   139  34.9111   5.5890   1.1739   1.5494   0.1648  -0.0837   0.0007  -0.0766  -0.0540  -0.0008   0.0000  -0.0031   0.0083    0.193
   140  34.9899   5.6909   1.1848   1.4991   0.1477  -0.0778   0.0006  -0.0736  -0.0519  -0.0008   0.0000  -0.0033   0.0077    0.186
   141  35.0626   5.7849   1.1949   1.4528   0.1313  -0.0715   0.0004  -0.0698  -0.0492  -0.0008   0.0000  -0.0036   0.0069    0.178
   142  35.1289   5.8706   1.2041   1.4106   0.1155  -0.0650   0.0002  -0.0653  -0.0461  -0.0008   0.0000  -0.0038   0.0061    0.168
   143  35.1884   5.9476   1.2123   1.3727   0.1002  -0.0581   0.0001  -0.0601  -0.0423  -0.0007   0.0000  -0.0039   0.0053    0.158
   144  35.2411   6.0157   1.2196   1.3391   0.0855  -0.0510  -0.0001  -0.0540  -0.0381  -0.0007   0.0000  -0.0039   0.0044    0.147
   145  35.2866   6.0745   1.2259   1.3101   0.0714  -0.0436  -0.0002  -0.0472  -0.0333  -0.0006   0.0000  -0.0038   0.0036    0.135
   146  35.3248   6.1239   1.2312   1.2858   0.0577  -0.0360  -0.0003  -0.0397  -0.0280  -0.0006   0.0000  -0.0035   0.0028    0.124
   147  35.3556   6.1637   1.2354   1.2662   0.0444  -0.0282  -0.0004  -0.0316  -0.0222  -0.0005   0.0000  -0.0030   0.0020    0.114
   148  35.3788   6.1937   1.2386   1.2514   0.0315  -0.0202  -0.0004  -0.0229  -0.0162  -0.0004   0.0000  -0.0023   0.0014    0.105
   149  35.3943   6.2137   1.2408   1.2416   0.0188  -0.0122  -0.0005  -0.0139  -0.0098  -0.0003   0.0000  -0.0015   0.0008    0.099
   150  35.4020   6.2237   1.2419   1.2366   0.0062  -0.0041  -0.0005  -0.0047  -0.0033  -0.0001   0.0000  -0.0005   0.0002    0.095

  Surface # 4     Wing (YDUP)                             
     # Chordwise = 20   # Spanwise = 50     First strip =151
     Surface area Ssurf =   12.746544     Ave. chord Cave =    2.490000

 Forces referred to Sref, Cref, Bref about Xref, Yref, Zref
 Standard axis orientation,  X fwd, Z down         
     CLsurf  =  -0.00411     Clsurf  =  -0.00053
     CYsurf  =  -0.00050     Cmsurf  =   0.03303
     CDsurf  =  -0.00007     Cnsurf  =   0.00058
     CDisurf =  -0.00007     CDvsurf =   0.00000

 Forces referred to Ssurf, Cave 
     CLsurf  =  -0.03979     CDsurf  =  -0.00071

 Strip Forces referred to Strip Area, Chord
    j     Xle      Yle      Zle      Chord    Area     c_cl     ai     cl_norm    cl       cd       cdv    cm_c/4     cm_LE   C.P.x/c
   151  31.4670  -1.1363   0.6971   3.7434   0.0189  -0.0048  -0.0299  -0.0018  -0.0013   0.0001   0.0000  -0.0009   0.0005   -0.456
   152  31.4747  -1.1463   0.6982   3.7384   0.0566  -0.0143  -0.0297  -0.0054  -0.0038  -0.0000   0.0000  -0.0027   0.0014   -0.448
   153  31.4902  -1.1663   0.7004   3.7286   0.0938  -0.0235  -0.0293  -0.0090  -0.0063  -0.0001   0.0000  -0.0043   0.0022   -0.434
   154  31.5134  -1.1963   0.7036   3.7138   0.1303  -0.0325  -0.0286  -0.0124  -0.0087  -0.0002   0.0000  -0.0058   0.0029   -0.413
   155  31.5442  -1.2361   0.7078   3.6942   0.1657  -0.0409  -0.0275  -0.0157  -0.0111  -0.0004   0.0000  -0.0071   0.0034   -0.388
   156  31.5824  -1.2855   0.7131   3.6699   0.1999  -0.0488  -0.0263  -0.0189  -0.0133  -0.0005   0.0000  -0.0081   0.0038   -0.359
   157  31.6279  -1.3443   0.7194   3.6409   0.2325  -0.0562  -0.0248  -0.0219  -0.0154  -0.0006   0.0000  -0.0089   0.0040   -0.325
   158  31.6806  -1.4124   0.7267   3.6073   0.2633  -0.0629  -0.0231  -0.0247  -0.0174  -0.0006   0.0000  -0.0094   0.0040   -0.289
   159  31.7401  -1.4894   0.7349   3.5694   0.2922  -0.0690  -0.0214  -0.0274  -0.0193  -0.0007   0.0000  -0.0096   0.0038   -0.249
   160  31.8064  -1.5751   0.7441   3.5272   0.3188  -0.0747  -0.0196  -0.0300  -0.0212  -0.0007   0.0000  -0.0097   0.0035   -0.208
   161  31.8791  -1.6691   0.7542   3.4809   0.3430  -0.0799  -0.0178  -0.0325  -0.0229  -0.0008   0.0000  -0.0095   0.0030   -0.165
   162  31.9579  -1.7710   0.7651   3.4306   0.3648  -0.0848  -0.0161  -0.0350  -0.0247  -0.0008   0.0000  -0.0092   0.0024   -0.123
   163  32.0426  -1.8804   0.7768   3.3767   0.3839  -0.0894  -0.0144  -0.0376  -0.0265  -0.0007   0.0000  -0.0088   0.0017   -0.081
   164  32.1327  -1.9970   0.7893   3.3193   0.4004  -0.0939  -0.0128  -0.0401  -0.0283  -0.0007   0.0000  -0.0082   0.0009   -0.041
   165  32.2280  -2.1202   0.8025   3.2586   0.4140  -0.0981  -0.0113  -0.0427  -0.0301  -0.0007   0.0000  -0.0077   0.0001   -0.004
   166  32.3280  -2.2495   0.8163   3.1949   0.4249  -0.1022  -0.0099  -0.0454  -0.0320  -0.0007   0.0000  -0.0070  -0.0008    0.030
   167  32.4325  -2.3845   0.8308   3.1283   0.4330  -0.1062  -0.0086  -0.0481  -0.0339  -0.0007   0.0000  -0.0064  -0.0016    0.060
   168  32.5408  -2.5246   0.8458   3.0593   0.4383  -0.1099  -0.0074  -0.0509  -0.0359  -0.0007   0.0000  -0.0058  -0.0025    0.087
   169  32.6527  -2.6693   0.8613   2.9880   0.4409  -0.1133  -0.0063  -0.0538  -0.0379  -0.0007   0.0000  -0.0053  -0.0033    0.111
   170  32.7677  -2.8179   0.8772   2.9148   0.4410  -0.1164  -0.0053  -0.0567  -0.0400  -0.0007   0.0000  -0.0048  -0.0041    0.131
   171  32.8853  -2.9700   0.8935   2.8399   0.4385  -0.1192  -0.0043  -0.0595  -0.0420  -0.0007   0.0000  -0.0043  -0.0049    0.148
   172  33.0051  -3.1248   0.9101   2.7636   0.4337  -0.1214  -0.0035  -0.0623  -0.0439  -0.0007   0.0000  -0.0038  -0.0057    0.162
   173  33.1266  -3.2819   0.9269   2.6862   0.4266  -0.1232  -0.0027  -0.0651  -0.0459  -0.0007   0.0000  -0.0035  -0.0063    0.174
   174  33.2492  -3.4405   0.9439   2.6080   0.4175  -0.1245  -0.0021  -0.0677  -0.0477  -0.0007   0.0000  -0.0031  -0.0070    0.184
   175  33.3727  -3.6001   0.9609   2.5294   0.4065  -0.1252  -0.0014  -0.0702  -0.0495  -0.0007   0.0000  -0.0028  -0.0076    0.192
   176  33.4963  -3.7599   0.9781   2.4506   0.3939  -0.1254  -0.0009  -0.0726  -0.0512  -0.0007   0.0000  -0.0026  -0.0081    0.199
   177  33.6198  -3.9195   0.9951   2.3720   0.3797  -0.1250  -0.0004  -0.0748  -0.0527  -0.0007   0.0000  -0.0024  -0.0085    0.204
   178  33.7424  -4.0781   1.0121   2.2938   0.3643  -0.1241  -0.0000  -0.0767  -0.0541  -0.0008   0.0000  -0.0022  -0.0089    0.209
   179  33.8639  -4.2352   1.0289   2.2164   0.3478  -0.1227   0.0003  -0.0785  -0.0554  -0.0008   0.0000  -0.0021  -0.0093    0.212
   180  33.9837  -4.3900   1.0455   2.1401   0.3305  -0.1207   0.0006  -0.0800  -0.0564  -0.0008   0.0000  -0.0020  -0.0096    0.214
   181  34.1013  -4.5421   1.0618   2.0652   0.3124  -0.1183   0.0008  -0.0813  -0.0573  -0.0008   0.0000  -0.0020  -0.0098    0.215
   182  34.2163  -4.6907   1.0777   1.9920   0.2940  -0.1155   0.0010  -0.0822  -0.0580  -0.0008   0.0000  -0.0020  -0.0099    0.216
   183  34.3282  -4.8354   1.0932   1.9207   0.2752  -0.1122   0.0011  -0.0828  -0.0584  -0.0008   0.0000  -0.0020  -0.0100    0.215
   184  34.4365  -4.9755   1.1082   1.8517   0.2563  -0.1085   0.0012  -0.0831  -0.0586  -0.0009   0.0000  -0.0021  -0.0099    0.214
   185  34.5410  -5.1105   1.1227   1.7851   0.2374  -0.1044   0.0012  -0.0829  -0.0585  -0.0009   0.0000  -0.0022  -0.0098    0.212
   186  34.6410  -5.2398   1.1365   1.7214   0.2187  -0.0999   0.0011  -0.0823  -0.0580  -0.0009   0.0000  -0.0024  -0.0096    0.209
   187  34.7363  -5.3630   1.1497   1.6607   0.2003  -0.0950   0.0010  -0.0811  -0.0572  -0.0009   0.0000  -0.0026  -0.0093    0.205
   188  34.8264  -5.4796   1.1622   1.6033   0.1823  -0.0898   0.0009  -0.0794  -0.0560  -0.0009   0.0000  -0.0028  -0.0089    0.200
   189  34.9111  -5.5890   1.1739   1.5494   0.1648  -0.0842   0.0007  -0.0771  -0.0543  -0.0009   0.0000  -0.0031  -0.0083    0.194
   190  34.9899  -5.6909   1.1848   1.4991   0.1477  -0.0783   0.0006  -0.0740  -0.0522  -0.0008   0.0000  -0.0033  -0.0077    0.186
   191  35.0626  -5.7849   1.1949   1.4528   0.1313  -0.0720   0.0004  -0.0703  -0.0495  -0.0008   0.0000  -0.0036  -0.0070    0.178
   192  35.1289  -5.8706   1.2041   1.4106   0.1155  -0.0654   0.0003  -0.0657  -0.0463  -0.0008   0.0000  -0.0038  -0.0062    0.168
   193  35.1884  -5.9476   1.2123   1.3727   0.1002  -0.0585   0.0001  -0.0604  -0.0426  -0.0007   0.0000  -0.0039  -0.0053    0.158
   194  35.2411  -6.0157   1.2196   1.3391   0.0855  -0.0513  -0.0000  -0.0543  -0.0383  -0.0007   0.0000  -0.0040  -0.0045    0.147
   195  35.2866  -6.0745   1.2259   1.3101   0.0714  -0.0438  -0.0001  -0.0474  -0.0335  -0.0006   0.0000  -0.0038  -0.0036    0.135
   196  35.3248  -6.1239   1.2312   1.2858   0.0577  -0.0362  -0.0002  -0.0399  -0.0281  -0.0006   0.0000  -0.0035  -0.0028    0.124
   197  35.3556  -6.1637   1.2354   1.2662   0.0444  -0.0283  -0.0003  -0.0317  -0.0224  -0.0005   0.0000  -0.0030  -0.0020    0.114
   198  35.3788  -6.1937   1.2386   1.2514   0.0315  -0.0203  -0.0004  -0.0231  -0.0163  -0.0004   0.0000  -0.0023  -0.0014    0.106
   199  35.3943  -6.2137   1.2408   1.2416   0.0188  -0.0122  -0.0004  -0.0140  -0.0099  -0.0003   0.0000  -0.0015  -0.0008    0.099
   200  35.4020  -6.2237   1.2419   1.2366   0.0062  -0.0041  -0.0005  -0.0047  -0.0033  -0.0001   0.0000  -0.0005  -0.0003    0.096

  Surface # 5     Wing                                    
     # Chordwise = 20   # Spanwise = 50     First strip =201
     Surface area Ssurf =   21.512608     Ave. chord Cave =    3.666000

 Forces referred to Sref, Cref, Bref about Xref, Yref, Zref
 Standard axis orientation,  X fwd, Z down         
     CLsurf  =  -0.00001     Clsurf  =   0.00003
     CYsurf  =   0.00023     Cmsurf  =   0.00006
     CDsurf  =  -0.00000     Cnsurf  =  -0.00026
     CDisurf =  -0.00000     CDvsurf =   0.00000

 Forces referred to Ssurf, Cave 
     CLsurf  =  -0.00131     CDsurf  =  -0.00000

 Strip Forces referred to Strip Area, Chord
    j     Xle      Yle      Zle      Chord    Area     c_cl     ai     cl_norm    cl       cd       cdv    cm_c/4     cm_LE   C.P.x/c
   201  29.8392  -0.0020   1.8014   5.4341   0.0315  -0.0005  -0.0024  -0.0001  -0.0001   0.0000   0.0000  -0.0000   0.0000    0.152
   202  29.8491  -0.0016   1.8130   5.4271   0.0941  -0.0013  -0.0024  -0.0004  -0.0002   0.0000   0.0000  -0.0000   0.0000    0.152
   203  29.8687  -0.0008   1.8361   5.4132   0.1561  -0.0022  -0.0024  -0.0006  -0.0004   0.0000   0.0000  -0.0000   0.0000    0.152
   204  29.8981   0.0003   1.8706   5.3924   0.2168  -0.0030  -0.0023  -0.0008  -0.0006  -0.0000   0.0000  -0.0001   0.0001    0.151
   205  29.9370   0.0018   1.9164   5.3648   0.2759  -0.0038  -0.0022  -0.0010  -0.0007  -0.0000   0.0000  -0.0001   0.0001    0.149
   206  29.9854   0.0037   1.9734   5.3304   0.3328  -0.0044  -0.0021  -0.0012  -0.0008  -0.0000   0.0000  -0.0001   0.0001    0.147
   207  30.0431   0.0059   2.0412   5.2895   0.3872  -0.0050  -0.0019  -0.0014  -0.0009  -0.0000   0.0000  -0.0001   0.0001    0.145
   208  30.1098   0.0085   2.1196   5.2422   0.4387  -0.0055  -0.0018  -0.0016  -0.0011  -0.0000   0.0000  -0.0001   0.0001    0.142
   209  30.1853   0.0114   2.2084   5.1887   0.4868  -0.0059  -0.0016  -0.0017  -0.0011  -0.0000   0.0000  -0.0001   0.0001    0.140
   210  30.2693   0.0146   2.3071   5.1291   0.5314  -0.0062  -0.0015  -0.0018  -0.0012  -0.0000   0.0000  -0.0001   0.0001    0.137
   211  30.3614   0.0181   2.4154   5.0638   0.5721  -0.0065  -0.0014  -0.0019  -0.0013  -0.0000   0.0000  -0.0001   0.0001    0.135
   212  30.4612   0.0220   2.5328   4.9929   0.6086  -0.0067  -0.0012  -0.0020  -0.0013  -0.0000   0.0000  -0.0002   0.0001    0.134
   213  30.5685   0.0261   2.6589   4.9169   0.6408  -0.0068  -0.0011  -0.0021  -0.0014  -0.0000   0.0000  -0.0002   0.0001    0.133
   214  30.6827   0.0305   2.7932   4.8359   0.6686  -0.0068  -0.0010  -0.0021  -0.0014  -0.0000   0.0000  -0.0002   0.0001    0.133
   215  30.8034   0.0352   2.9352   4.7502   0.6918  -0.0068  -0.0009  -0.0021  -0.0014  -0.0000   0.0000  -0.0002   0.0001    0.134
   216  30.9302   0.0400   3.0842   4.6603   0.7105  -0.0068  -0.0008  -0.0022  -0.0015  -0.0000   0.0000  -0.0002   0.0002    0.135
   217  31.0625   0.0451   3.2397   4.5665   0.7245  -0.0067  -0.0007  -0.0022  -0.0015  -0.0000   0.0000  -0.0002   0.0002    0.138
   218  31.1997   0.0504   3.4012   4.4691   0.7340  -0.0067  -0.0006  -0.0022  -0.0015  -0.0000   0.0000  -0.0002   0.0002    0.141
   219  31.3415   0.0559   3.5679   4.3686   0.7390  -0.0065  -0.0006  -0.0022  -0.0015  -0.0000   0.0000  -0.0002   0.0002    0.144
   220  31.4872   0.0615   3.7392   4.2652   0.7397  -0.0064  -0.0005  -0.0022  -0.0015  -0.0000   0.0000  -0.0002   0.0002    0.148
   221  31.6362   0.0672   3.9144   4.1595   0.7363  -0.0062  -0.0004  -0.0022  -0.0015  -0.0000   0.0000  -0.0001   0.0002    0.153
   222  31.7880   0.0731   4.0928   4.0519   0.7289  -0.0061  -0.0004  -0.0022  -0.0015  -0.0000   0.0000  -0.0001   0.0002    0.158
   223  31.9419   0.0790   4.2738   3.9427   0.7178  -0.0059  -0.0003  -0.0022  -0.0015  -0.0000   0.0000  -0.0001   0.0002    0.162
   224  32.0973   0.0850   4.4565   3.8325   0.7033  -0.0057  -0.0003  -0.0022  -0.0015  -0.0000   0.0000  -0.0001   0.0002    0.167
   225  32.2537   0.0910   4.6404   3.7216   0.6856  -0.0055  -0.0003  -0.0022  -0.0015  -0.0000   0.0000  -0.0001   0.0002    0.171
   226  32.4103   0.0970   4.8246   3.6104   0.6652  -0.0053  -0.0002  -0.0022  -0.0015  -0.0000   0.0000  -0.0001   0.0002    0.176
   227  32.5667   0.1030   5.0085   3.4995   0.6422  -0.0051  -0.0002  -0.0022  -0.0015  -0.0000   0.0000  -0.0001   0.0002    0.179
   228  32.7221   0.1090   5.1912   3.3893   0.6170  -0.0049  -0.0002  -0.0022  -0.0014  -0.0000   0.0000  -0.0001   0.0002    0.183
   229  32.8760   0.1149   5.3722   3.2801   0.5900  -0.0047  -0.0002  -0.0021  -0.0014  -0.0000   0.0000  -0.0001   0.0002    0.186
   230  33.0278   0.1208   5.5506   3.1725   0.5615  -0.0045  -0.0001  -0.0021  -0.0014  -0.0000   0.0000  -0.0001   0.0002    0.188
   231  33.1768   0.1265   5.7258   3.0668   0.5319  -0.0043  -0.0001  -0.0021  -0.0014  -0.0000   0.0000  -0.0001   0.0002    0.189
   232  33.3225   0.1321   5.8971   2.9634   0.5013  -0.0041  -0.0001  -0.0021  -0.0014  -0.0000   0.0000  -0.0001   0.0002    0.190
   233  33.4643   0.1376   6.0638   2.8629   0.4702  -0.0039  -0.0001  -0.0020  -0.0014  -0.0000   0.0000  -0.0001   0.0002    0.190
   234  33.6015   0.1429   6.2253   2.7655   0.4388  -0.0037  -0.0001  -0.0020  -0.0013  -0.0000   0.0000  -0.0001   0.0002    0.189
   235  33.7338   0.1480   6.3808   2.6717   0.4073  -0.0035  -0.0001  -0.0019  -0.0013  -0.0000   0.0000  -0.0001   0.0002    0.187
   236  33.8606   0.1528   6.5298   2.5818   0.3760  -0.0032  -0.0001  -0.0019  -0.0013  -0.0000   0.0000  -0.0001   0.0002    0.184
   237  33.9813   0.1575   6.6718   2.4961   0.3451  -0.0030  -0.0001  -0.0018  -0.0012  -0.0000   0.0000  -0.0001   0.0002    0.181
   238  34.0955   0.1619   6.8061   2.4151   0.3148  -0.0028  -0.0001  -0.0017  -0.0012  -0.0000   0.0000  -0.0001   0.0002    0.176
   239  34.2028   0.1660   6.9322   2.3391   0.2851  -0.0026  -0.0001  -0.0017  -0.0011  -0.0000   0.0000  -0.0001   0.0001    0.170
   240  34.3026   0.1699   7.0496   2.2682   0.2562  -0.0024  -0.0001  -0.0016  -0.0010  -0.0000   0.0000  -0.0001   0.0001    0.163
   241  34.3947   0.1734   7.1579   2.2029   0.2282  -0.0022  -0.0001  -0.0015  -0.0010  -0.0000   0.0000  -0.0001   0.0001    0.155
   242  34.4787   0.1766   7.2566   2.1433   0.2011  -0.0019  -0.0001  -0.0013  -0.0009  -0.0000   0.0000  -0.0001   0.0001    0.147
   243  34.5542   0.1795   7.3454   2.0898   0.1749  -0.0017  -0.0001  -0.0012  -0.0008  -0.0000   0.0000  -0.0001   0.0001    0.138
   244  34.6209   0.1821   7.4238   2.0425   0.1495  -0.0015  -0.0001  -0.0011  -0.0007  -0.0000   0.0000  -0.0001   0.0001    0.128
   245  34.6786   0.1843   7.4916   2.0016   0.1250  -0.0013  -0.0001  -0.0009  -0.0006  -0.0000   0.0000  -0.0001   0.0001    0.118
   246  34.7270   0.1862   7.5486   1.9672   0.1012  -0.0010  -0.0001  -0.0008  -0.0005  -0.0000   0.0000  -0.0001   0.0000    0.109
   247  34.7659   0.1877   7.5944   1.9396   0.0780  -0.0008  -0.0001  -0.0006  -0.0004  -0.0000   0.0000  -0.0001   0.0000    0.101
   248  34.7953   0.1888   7.6289   1.9188   0.0553  -0.0006  -0.0001  -0.0004  -0.0003  -0.0000   0.0000  -0.0000   0.0000    0.094
   249  34.8149   0.1896   7.6520   1.9049   0.0330  -0.0003  -0.0001  -0.0003  -0.0002  -0.0000   0.0000  -0.0000   0.0000    0.088
   250  34.8248   0.1900   7.6636   1.8979   0.0110  -0.0001  -0.0001  -0.0001  -0.0001  -0.0000   0.0000  -0.0000   0.0000    0.086
 ---------------------------------------------------------------
