0 1.44263e-05 0 1.44066e-05 0 
3.14149 1.4537e-05 -1.54686e-07 1.44237e-05 -1.27218e-07 
6.28297 1.48672e-05 -3.72636e-07 1.4469e-05 -2.66545e-07 
9.42446 1.54105e-05 -7.24465e-07 1.45304e-05 -4.19088e-07 
12.5659 1.6147e-05 -1.29702e-06 1.46029e-05 -5.75413e-07 
15.7074 1.70226e-05 -2.19583e-06 1.46948e-05 -7.27271e-07 
18.8489 1.79218e-05 -3.52664e-06 1.48198e-05 -8.78764e-07 
21.9904 1.86558e-05 -5.3504e-06 1.49838e-05 -1.04548e-06 
25.1319 1.89878e-05 -7.62789e-06 1.51782e-05 -1.24205e-06 
28.2734 1.87019e-05 -1.01882e-05 1.53884e-05 -1.47041e-06 
31.4149 1.76866e-05 -1.27512e-05 1.56071e-05 -1.72049e-06 
34.5563 1.59903e-05 -1.50061e-05 1.58413e-05 -1.98271e-06 
37.6978 1.38132e-05 -1.67118e-05 1.61047e-05 -2.25985e-06 
40.8393 1.14363e-05 -1.77699e-05 1.64036e-05 -2.56615e-06 
43.9808 9.1229e-06 -1.82346e-05 1.67319e-05 -2.91487e-06 
47.1223 7.04376e-06 -1.82604e-05 1.70789e-05 -3.30737e-06 
50.2638 5.25606e-06 -1.80241e-05 1.74443e-05 -3.73589e-06 
53.4053 3.73414e-06 -1.76631e-05 1.78424e-05 -4.1982e-06 
56.5468 2.42105e-06 -1.7255e-05 1.82913e-05 -4.70977e-06 
59.6882 1.26712e-06 -1.68349e-05 1.87966e-05 -5.30047e-06 
62.8297 2.39795e-07 -1.64224e-05 1.93456e-05 -5.99859e-06 
65.9712 -6.87742e-07 -1.60389e-05 1.99193e-05 -6.81822e-06 
69.1127 -1.55022e-06 -1.57047e-05 2.05092e-05 -7.76455e-06 
72.2542 -2.39231e-06 -1.54276e-05 2.11218e-05 -8.8535e-06 
75.3957 -3.25897e-06 -1.51957e-05 2.17612e-05 -1.01273e-05 
78.5372 -4.18436e-06 -1.49815e-05 2.24054e-05 -1.16497e-05 
81.6786 -5.18928e-06 -1.47522e-05 2.29942e-05 -1.34846e-05 
84.8201 -6.28807e-06 -1.44758e-05 2.34381e-05 -1.56767e-05 
87.9616 -7.49682e-06 -1.41153e-05 2.36299e-05 -1.8251e-05 
91.1031 -8.83114e-06 -1.36155e-05 2.34392e-05 -2.12202e-05 
94.2446 -1.0288e-05 -1.28921e-05 2.26874e-05 -2.45705e-05 
97.3861 -1.18173e-05 -1.18397e-05 2.11374e-05 -2.82088e-05 
100.528 -1.32996e-05 -1.03635e-05 1.85396e-05 -3.18912e-05 
103.669 -1.45497e-05 -8.42797e-06 1.47459e-05 -3.51935e-05 
106.811 -1.53561e-05 -6.1001e-06 9.84254e-06 -3.7579e-05 
109.952 -1.55473e-05 -3.56163e-06 4.21818e-06 -3.85634e-05 
113.094 -1.50595e-05 -1.07339e-06 -1.50034e-06 -3.79074e-05 
116.235 -1.39695e-05 1.09933e-06 -6.63547e-06 -3.57285e-05 
119.376 -1.24733e-05 2.76919e-06 -1.06813e-05 -3.2464e-05 
122.518 -1.08176e-05 3.87776e-06 -1.34457e-05 -2.8698e-05 
125.659 -9.21656e-06 4.49086e-06 -1.50442e-05 -2.49514e-05 
128.801 -7.79618e-06 4.74517e-06 -1.57698e-05 -2.1542e-05 
131.942 -6.58843e-06 4.77947e-06 -1.59288e-05 -1.85721e-05 
135.084 -5.56777e-06 4.6883e-06 -1.57363e-05 -1.60138e-05 
138.225 -4.69862e-06 4.51662e-06 -1.53078e-05 -1.38116e-05 
141.367 -3.96264e-06 4.28446e-06 -1.47105e-05 -1.19357e-05 
144.508 -3.35572e-06 4.01383e-06 -1.40126e-05 -1.03729e-05 
147.65 -2.86917e-06 3.73613e-06 -1.32906e-05 -9.09291e-06 
150.791 -2.47812e-06 3.47943e-06 -1.26023e-05 -8.03553e-06 
153.933 -2.14875e-06 3.25288e-06 -1.19645e-05 -7.13167e-06 
157.074 -1.85637e-06 3.04559e-06 -1.13597e-05 -6.33564e-06 
160.216 -1.59635e-06 2.84158e-06 -1.0767e-05 -5.63706e-06 
163.357 -1.37771e-06 2.637e-06 -1.01872e-05 -5.04327e-06 
166.499 -1.20582e-06 2.44385e-06 -9.64189e-06 -4.55127e-06 
169.64 -1.07078e-06 2.27772e-06 -9.15028e-06 -4.13624e-06 
172.782 -9.51935e-07 2.142e-06 -8.71011e-06 -3.76508e-06 
175.923 -8.33633e-07 2.02381e-06 -8.30003e-06 -3.41911e-06 
179.065 -7.16837e-07 1.90553e-06 -7.90018e-06 -3.10289e-06 
182.206 -6.15373e-07 1.78066e-06 -7.50972e-06 -2.83115e-06 
185.348 -5.40469e-07 1.65913e-06 -7.14451e-06 -2.608e-06 
188.489 -4.8821e-07 1.55689e-06 -6.81881e-06 -2.41872e-06 
191.631 -4.41715e-07 1.47997e-06 -6.52953e-06 -2.24127e-06 
194.772 -3.85869e-07 1.41791e-06 -6.25873e-06 -2.06516e-06 
197.914 -3.20643e-07 1.35287e-06 -5.99083e-06 -1.89832e-06 
201.055 -2.60424e-07 1.2758e-06 -5.72694e-06 -1.75567e-06 
204.197 -2.19941e-07 1.19447e-06 -5.482e-06 -1.64111e-06 
207.338 -1.99935e-07 1.12591e-06 -5.26773e-06 -1.54119e-06 
210.48 -1.85906e-07 1.08023e-06 -5.07858e-06 -1.43689e-06 
213.621 -1.61018e-07 1.05097e-06 -4.89505e-06 -1.32193e-06 
216.763 -1.21149e-07 1.02074e-06 -4.70159e-06 -1.20929e-06 
219.904 -7.81925e-08 9.76888e-07 -4.50168e-06 -1.11895e-06 
223.046 -4.87389e-08 9.22615e-07 -4.31533e-06 -1.05803e-06 
226.187 -3.87464e-08 8.73533e-07 -4.16034e-06 -1.01228e-06 
229.328 -3.82302e-08 8.43061e-07 -4.03478e-06 -9.57554e-07 
232.47 -3.05109e-08 8.30274e-07 -3.91715e-06 -8.81144e-07 
235.611 -7.15903e-09 8.21078e-07 -3.78465e-06 -7.93493e-07 
238.753 2.50826e-08 8.01131e-07 -3.6332e-06 -7.19279e-07 
241.894 5.12592e-08 7.68305e-07 -3.48126e-06 -6.75644e-07 
245.036 6.2022e-08 7.33489e-07 -3.35384e-06 -6.56894e-07 
248.177 6.14147e-08 7.09721e-07 -3.26101e-06 -6.39007e-07 
251.319 6.19817e-08 7.00301e-07 -3.18963e-06 -5.99593e-07 
254.46 7.25837e-08 6.96785e-07 -3.11466e-06 -5.35668e-07 
257.602 9.06946e-08 6.87996e-07 -3.01965e-06 -4.6439e-07 
260.743 1.06034e-07 6.70806e-07 -2.90834e-06 -4.07444e-07 
263.885 1.11322e-07 6.52398e-07 -2.79885e-06 -3.7359e-07 
267.026 1.09409e-07 6.42334e-07 -2.70707e-06 -3.54019e-07 
270.168 1.10047e-07 6.42637e-07 -2.63471e-06 -3.32638e-07 
273.309 1.19813e-07 6.45663e-07 -2.57108e-06 -3.00368e-07 
276.451 1.35235e-07 6.41713e-07 -2.50495e-06 -2.60638e-07 
279.592 1.45871e-07 6.28845e-07 -2.43427e-06 -2.22842e-07 
282.734 1.44361e-07 6.15316e-07 -2.36544e-06 -1.91788e-07 
285.875 1.33842e-07 6.12262e-07 -2.30461e-06 -1.6366e-07 
289.017 1.25737e-07 6.23488e-07 -2.25056e-06 -1.31403e-07 
292.158 1.30016e-07 6.41782e-07 -2.19615e-06 -9.30354e-08 
295.3 1.46914e-07 6.54896e-07 -2.13607e-06 -5.41735e-08 
298.441 1.67271e-07 6.55433e-07 -2.07268e-06 -2.24829e-08 
301.583 1.80502e-07 6.45789e-07 -2.01406e-06 7.312e-11 
304.724 1.82513e-07 6.3454e-07 -1.96637e-06 1.94667e-08 
307.866 1.76825e-07 6.28643e-07 -1.92802e-06 4.43049e-08 
311.007 1.69228e-07 6.28991e-07 -1.89106e-06 7.824e-08 
314.149 1.62156e-07 6.32577e-07 -1.84798e-06 1.17091e-07 
317.29 1.54218e-07 6.3766e-07 -1.79759e-06 1.52756e-07 
320.432 1.44283e-07 6.45922e-07 -1.74498e-06 1.7968e-07 
323.573 1.34732e-07 6.59523e-07 -1.69676e-06 1.98005e-07 
326.715 1.29825e-07 6.76899e-07 -1.65654e-06 2.11593e-07 
329.856 1.30824e-07 6.92561e-07 -1.62455e-06 2.24125e-07 
332.998 1.33406e-07 7.01756e-07 -1.60016e-06 2.37555e-07 
336.139 1.30723e-07 7.05351e-07 -1.58354e-06 2.53686e-07 
339.281 1.195e-07 7.09615e-07 -1.57434e-06 2.75927e-07 
342.422 1.03056e-07 7.20678e-07 -1.56923e-06 3.08274e-07 
345.563 8.80166e-08 7.3902e-07 -1.56171e-06 3.52026e-07 
348.705 7.78787e-08 7.59572e-07 -1.54517e-06 4.03607e-07 
351.846 6.99905e-08 7.77342e-07 -1.51664e-06 4.55875e-07 
354.988 5.90713e-08 7.92724e-07 -1.47784e-06 5.01704e-07 
358.129 4.35907e-08 8.10794e-07 -1.43327e-06 5.3643e-07 
361.271 2.80926e-08 8.3515e-07 -1.38821e-06 5.57597e-07 
364.412 1.85641e-08 8.62802e-07 -1.34879e-06 5.63982e-07 
367.554 1.53432e-08 8.85991e-07 -1.32319e-06 5.56877e-07 
