   0.0000000e+00   1.4418257e-05   1.4418257e-05   0.0000000e+00   0.0000000e+00
   3.7333246e+00   1.4578278e-05   1.4433839e-05  -1.8102392e-07  -1.6292127e-07
   7.4666492e+00   1.5052538e-05   1.4480929e-05  -4.7617119e-07  -3.2814995e-07
   1.1199974e+01   1.5816153e-05   1.4560545e-05  -1.0147553e-06  -4.9832914e-07
   1.4933298e+01   1.6801442e-05   1.4674250e-05  -1.9495059e-06  -6.7683686e-07
   1.8666623e+01   1.7857962e-05   1.4823780e-05  -3.4435776e-06  -8.6823650e-07
   2.2399948e+01   1.8711817e-05   1.5010238e-05  -5.6125792e-06  -1.0785439e-06
   2.6133272e+01   1.8976889e-05   1.5232921e-05  -8.4099015e-06  -1.3147306e-06
   2.9866597e+01   1.8291708e-05   1.5488746e-05  -1.1517329e-05  -1.5829639e-06
   3.3599921e+01   1.6555197e-05   1.5773754e-05  -1.4395916e-05  -1.8865183e-06
   3.7333246e+01   1.4041671e-05   1.6086379e-05  -1.6554443e-05  -2.2258900e-06
   4.1066571e+01   1.1233049e-05   1.6429390e-05  -1.7804882e-05  -2.6018592e-06
   4.4799895e+01   8.5435562e-06   1.6808741e-05  -1.8265673e-05  -3.0187003e-06
   4.8533220e+01   6.1886387e-06   1.7231159e-05  -1.8190265e-05  -3.4852708e-06
   5.2266544e+01   4.2145635e-06   1.7702560e-05  -1.7819272e-05  -4.0146672e-06
   5.5999869e+01   2.5771367e-06   1.8227488e-05  -1.7324075e-05  -4.6239338e-06
   5.9733194e+01   1.2006646e-06   1.8808842e-05  -1.6808378e-05  -5.3344593e-06
   6.3466518e+01   7.1723598e-09   1.9447262e-05  -1.6327294e-05  -6.1730583e-06
   6.7199843e+01  -1.0735496e-06   2.0139769e-05  -1.5905005e-05  -7.1736028e-06
   7.0933167e+01  -2.1029308e-06   2.0877201e-05  -1.5546289e-05  -8.3790804e-06
   7.4666492e+01  -3.1358625e-06   2.1639768e-05  -1.5242311e-05  -9.8438581e-06
   7.8399817e+01  -4.2233864e-06   2.2389628e-05  -1.4971887e-05  -1.1635552e-05
   8.2133141e+01  -5.4141984e-06   2.3058946e-05  -1.4698970e-05  -1.3834947e-05
   8.5866466e+01  -6.7531619e-06   2.3531709e-05  -1.4366681e-05  -1.6530386e-05
   8.9599790e+01  -8.2737751e-06   2.3618969e-05  -1.3888595e-05  -1.9799232e-05
   9.3333115e+01  -9.9796751e-06   2.3033347e-05  -1.3140574e-05  -2.3663657e-05
   9.7066440e+01  -1.1810173e-05   2.1385384e-05  -1.1963306e-05  -2.8005876e-05
   1.0079976e+02  -1.3593988e-05   1.8253708e-05  -1.0196900e-05  -3.2446924e-05
   1.0453309e+02  -1.5024844e-05   1.3393790e-05  -7.7708414e-06  -3.6263186e-05
   1.0826641e+02  -1.5729399e-05   7.0538784e-06  -4.8283137e-06  -3.8514934e-05
   1.1199974e+02  -1.5459647e-05   1.2608787e-07  -1.7676567e-06  -3.8495331e-05
   1.1573306e+02  -1.4275795e-05  -6.1871286e-06   9.1754068e-07  -3.6210935e-05
   1.1946639e+02  -1.2515577e-05  -1.1001832e-05   2.8976972e-06  -3.2377753e-05
   1.2319971e+02  -1.0579426e-05  -1.4079853e-05   4.1198150e-06  -2.7937035e-05
   1.2693304e+02  -8.7536294e-06  -1.5672518e-05   4.7223518e-06  -2.3608852e-05
   1.3066636e+02  -7.1736718e-06  -1.6203949e-05   4.8988337e-06  -1.9767509e-05
   1.3439969e+02  -5.8691667e-06  -1.6063783e-05   4.8163459e-06  -1.6527099e-05
   1.3813301e+02  -4.8172327e-06  -1.5538466e-05   4.5928523e-06  -1.3863106e-05
   1.4186633e+02  -3.9771540e-06  -1.4815729e-05   4.3029766e-06  -1.1696891e-05
   1.4559966e+02  -3.3072884e-06  -1.4010423e-05   3.9907068e-06  -9.9395442e-06
   1.4933298e+02  -2.7714652e-06  -1.3189367e-05   3.6805076e-06  -8.5101576e-06
   1.5306631e+02  -2.3404062e-06  -1.2389542e-05   3.3850864e-06  -7.3412911e-06
   1.5679963e+02  -1.9911849e-06  -1.1630015e-05   3.1103238e-06  -6.3789818e-06
   1.6053296e+02  -1.7061124e-06  -1.0919359e-05   2.8582550e-06  -5.5808623e-06
   1.6426628e+02  -1.4716081e-06  -1.0260149e-05   2.6288260e-06  -4.9139141e-06
   1.6799961e+02  -1.2772391e-06  -9.6516382e-06   2.4209090e-06  -4.3524299e-06
   1.7173293e+02  -1.1149595e-06  -9.0913354e-06   2.2328820e-06  -3.8763391e-06
   1.7546626e+02  -9.7852964e-07  -8.5759300e-06   2.0629523e-06  -3.4698956e-06
   1.7919958e+02  -8.6307847e-07  -8.1018195e-06   1.9093315e-06  -3.1206703e-06
   1.8293291e+02  -7.6477614e-07  -7.6654057e-06   1.7703260e-06  -2.8187868e-06
   1.8666623e+02  -6.8058969e-07  -7.2632534e-06   1.6443779e-06  -2.5563424e-06
   1.9039955e+02  -6.0809980e-07  -6.8921671e-06   1.5300792e-06  -2.3269689e-06
   1.9413288e+02  -5.4536303e-07  -6.5492217e-06   1.4261709e-06  -2.1254998e-06
   1.9786620e+02  -4.9080747e-07  -6.2317660e-06   1.3315347e-06  -1.9477150e-06
   2.0159953e+02  -4.4315339e-07  -5.9374115e-06   1.2451809e-06  -1.7901449e-06
   2.0533285e+02  -4.0135232e-07  -5.6640148e-06   1.1662356e-06  -1.6499198e-06
   2.0906618e+02  -3.6454014e-07  -5.4096555e-06   1.0939276e-06  -1.5246513e-06
   2.1279950e+02  -3.3200056e-07  -5.1726154e-06   1.0275765e-06  -1.4123410e-06
   2.1653283e+02  -3.0313661e-07  -4.9513565e-06   9.6658117e-07  -1.3113074e-06
   2.2026615e+02  -2.7744823e-07  -4.7445017e-06   9.1041046e-07  -1.2201285e-06
   2.2399948e+02  -2.5451441e-07  -4.5508170e-06   8.5859410e-07  -1.1375958e-06
   2.2773280e+02  -2.3397910e-07  -4.3691950e-06   8.1071516e-07  -1.0626776e-06
   2.3146613e+02  -2.1553984e-07  -4.1986405e-06   7.6640333e-07  -9.9448928e-07
   2.3519945e+02  -1.9893858e-07  -4.0382581e-06   7.2532915e-07  -9.3226899e-07
   2.3893277e+02  -1.8395432e-07  -3.8872404e-06   6.8719894e-07  -8.7535811e-07
   2.4266610e+02  -1.7039704e-07  -3.7448586e-06   6.5175043e-07  -8.2318509e-07
   2.4639942e+02  -1.5810276e-07  -3.6104532e-06   6.1874896e-07  -7.7525212e-07
   2.5013275e+02  -1.4692950e-07  -3.4834270e-06   5.8798417e-07  -7.3112416e-07
   2.5386607e+02  -1.3675391e-07  -3.3632376e-06   5.5926713e-07  -6.9041972e-07
   2.5759940e+02  -1.2746848e-07  -3.2493921e-06   5.3242789e-07  -6.5280328e-07
   2.6133272e+02  -1.1897925e-07  -3.1414415e-06   5.0731324e-07  -6.1797883e-07
   2.6506605e+02  -1.1120382e-07  -3.0389762e-06   4.8378485e-07  -5.8568448e-07
   2.6879937e+02  -1.0406976e-07  -2.9416221e-06   4.6171761e-07  -5.5568788e-07
   2.7253270e+02  -9.7513248e-08  -2.8490367e-06   4.4099817e-07  -5.2778238e-07
   2.7626602e+02  -9.1477857e-08  -2.7609060e-06   4.2152367e-07  -5.0178368e-07
   2.7999935e+02  -8.5913616e-08  -2.6769419e-06   4.0320061e-07  -4.7752707e-07
   2.8373267e+02  -8.0776153e-08  -2.5968796e-06   3.8594390e-07  -4.5486495e-07
   2.8746599e+02  -7.6025980e-08  -2.5204750e-06   3.6967594e-07  -4.3366481e-07
   2.9119932e+02  -7.1627881e-08  -2.4475035e-06   3.5432588e-07  -4.1380741e-07
   2.9493264e+02  -6.7550382e-08  -2.3777574e-06   3.3982895e-07  -3.9518522e-07
   2.9866597e+02  -6.3765300e-08  -2.3110449e-06   3.2612585e-07  -3.7770111e-07
   3.0239929e+02  -6.0247346e-08  -2.2471883e-06   3.1316221e-07  -3.6126715e-07
   3.0613262e+02  -5.6973790e-08  -2.1860232e-06   3.0088811e-07  -3.4580361e-07
   3.0986594e+02  -5.3924162e-08  -2.1273968e-06   2.8925766e-07  -3.3123806e-07
   3.1359927e+02  -5.1079997e-08  -2.0711672e-06   2.7822864e-07  -3.1750458e-07
   3.1733259e+02  -4.8424609e-08  -2.0172027e-06   2.6776215e-07  -3.0454311e-07
   3.2106592e+02  -4.5942898e-08  -1.9653803e-06   2.5782228e-07  -2.9229881e-07
   3.2479924e+02  -4.3621174e-08  -1.9155857e-06   2.4837588e-07  -2.8072154e-07
   3.2853257e+02  -4.1447009e-08  -1.8677119e-06   2.3939232e-07  -2.6976539e-07
   3.3226589e+02  -3.9409105e-08  -1.8216594e-06   2.3084321e-07  -2.5938826e-07
   3.3599921e+02  -3.7497174e-08  -1.7773348e-06   2.2270227e-07  -2.4955151e-07
   3.3973254e+02  -3.5701835e-08  -1.7346509e-06   2.1494513e-07  -2.4021960e-07
   3.4346586e+02  -3.4014526e-08  -1.6935260e-06   2.0754914e-07  -2.3135981e-07
   3.4719919e+02  -3.2427417e-08  -1.6538835e-06   2.0049328e-07  -2.2294197e-07
   3.5093251e+02  -3.0933344e-08  -1.6156515e-06   1.9375797e-07  -2.1493827e-07
   3.5466584e+02  -2.9525739e-08  -1.5787625e-06   1.8732501e-07  -2.0732298e-07
   3.5839916e+02  -2.8198578e-08  -1.5431529e-06   1.8117740e-07  -2.0007230e-07
   3.6213249e+02  -2.6946327e-08  -1.5087633e-06   1.7529934e-07  -1.9316422e-07
   3.6586581e+02  -2.5763897e-08  -1.4755373e-06   1.6967602e-07  -1.8657831e-07
   3.6959914e+02  -2.4646601e-08  -1.4434219e-06   1.6429364e-07  -1.8029561e-07
