 ---------------------------------------------------------------
 Surface and Strip Forces by surface

  Sref =  1.0000       Cref =  1.0000       Bref =  1.0000    
  Xref =  0.0000       Yref =  0.0000       Zref =  0.0000    

  Surface # 1     Wing                                    
     # Chordwise = 20   # Spanwise = 30     First strip =  1
     Surface area Ssurf =    0.651126     Ave. chord Cave =    0.628500

 Forces referred to Sref, Cref, Bref about Xref, Yref, Zref
 Standard axis orientation,  X fwd, Z down         
     CLsurf  =   0.07473     Clsurf  =  -0.03363
     CYsurf  =   0.00031     Cmsurf  =  -0.03119
     CDsurf  =   0.00087     Cnsurf  =  -0.00127
     CDisurf =   0.00087     CDvsurf =   0.00000

 Forces referred to Ssurf, Cave 
     CLsurf  =   0.11478     CDsurf  =   0.00134

 Strip Forces referred to Strip Area, Chord
    j     Xle      Yle      Zle      Chord    Area     c_cl     ai     cl_norm    cl       cd       cdv    cm_c/4     cm_LE   C.P.x/c
     1   0.0004   0.0007   0.0000   0.8058   0.0023   0.0877   0.0173   0.1344   0.1083   0.0174   0.0000  -0.0052  -0.0280    0.298
     2   0.0037   0.0064   0.0000   0.8038   0.0068   0.0877   0.0177   0.1353   0.1090   0.0036   0.0000  -0.0051  -0.0280    0.296
     3   0.0102   0.0177   0.0000   0.8000   0.0112   0.0877   0.0181   0.1361   0.1096   0.0028   0.0000  -0.0047  -0.0278    0.293
     4   0.0199   0.0344   0.0000   0.7942   0.0154   0.0877   0.0186   0.1371   0.1105   0.0026   0.0000  -0.0042  -0.0275    0.288
     5   0.0326   0.0565   0.0000   0.7867   0.0194   0.0878   0.0189   0.1385   0.1116   0.0024   0.0000  -0.0035  -0.0272    0.281
     6   0.0482   0.0836   0.0000   0.7774   0.0230   0.0878   0.0193   0.1401   0.1129   0.0022   0.0000  -0.0028  -0.0269    0.275
     7   0.0666   0.1154   0.0000   0.7664   0.0262   0.0877   0.0196   0.1420   0.1144   0.0020   0.0000  -0.0022  -0.0266    0.269
     8   0.0876   0.1517   0.0000   0.7540   0.0289   0.0875   0.0199   0.1441   0.1161   0.0019   0.0000  -0.0015  -0.0265    0.263
     9   0.1108   0.1920   0.0000   0.7402   0.0312   0.0872   0.0202   0.1463   0.1179   0.0018   0.0000  -0.0009  -0.0263    0.258
    10   0.1362   0.2359   0.0000   0.7252   0.0330   0.0868   0.0205   0.1486   0.1197   0.0016   0.0000  -0.0004  -0.0263    0.254
    11   0.1633   0.2828   0.0000   0.7091   0.0343   0.0861   0.0208   0.1508   0.1214   0.0015   0.0000   0.0000  -0.0263    0.250
    12   0.1918   0.3324   0.0000   0.6921   0.0350   0.0852   0.0210   0.1528   0.1231   0.0014   0.0000   0.0005  -0.0262    0.246
    13   0.2216   0.3839   0.0000   0.6744   0.0353   0.0840   0.0213   0.1546   0.1245   0.0014   0.0000   0.0009  -0.0262    0.243
    14   0.2522   0.4370   0.0000   0.6563   0.0351   0.0825   0.0217   0.1561   0.1257   0.0013   0.0000   0.0013  -0.0261    0.240
    15   0.2834   0.4909   0.0000   0.6378   0.0345   0.0807   0.0220   0.1570   0.1265   0.0012   0.0000   0.0017  -0.0259    0.237
    16   0.3146   0.5451   0.0000   0.6192   0.0335   0.0785   0.0225   0.1574   0.1268   0.0011   0.0000   0.0021  -0.0256    0.234
    17   0.3458   0.5990   0.0000   0.6007   0.0322   0.0759   0.0230   0.1569   0.1264   0.0010   0.0000   0.0025  -0.0252    0.230
    18   0.3764   0.6521   0.0000   0.5826   0.0305   0.0730   0.0235   0.1555   0.1253   0.0009   0.0000   0.0031  -0.0245    0.226
    19   0.4062   0.7036   0.0000   0.5649   0.0286   0.0696   0.0242   0.1530   0.1232   0.0008   0.0000   0.0036  -0.0235    0.220
    20   0.4347   0.7532   0.0000   0.5479   0.0265   0.0658   0.0249   0.1491   0.1201   0.0007   0.0000   0.0043  -0.0223    0.214
    21   0.4618   0.8001   0.0000   0.5318   0.0242   0.0615   0.0257   0.1436   0.1157   0.0006   0.0000   0.0050  -0.0207    0.207
    22   0.4872   0.8440   0.0000   0.5168   0.0218   0.0567   0.0264   0.1363   0.1098   0.0005   0.0000   0.0056  -0.0189    0.199
    23   0.5104   0.8843   0.0000   0.5030   0.0193   0.0515   0.0272   0.1271   0.1024   0.0004   0.0000   0.0063  -0.0167    0.189
    24   0.5314   0.9206   0.0000   0.4906   0.0167   0.0457   0.0279   0.1158   0.0933   0.0003   0.0000   0.0067  -0.0144    0.178
    25   0.5498   0.9524   0.0000   0.4796   0.0142   0.0396   0.0285   0.1025   0.0825   0.0002   0.0000   0.0069  -0.0119    0.166
    26   0.5654   0.9795   0.0000   0.4703   0.0116   0.0330   0.0291   0.0871   0.0702   0.0001   0.0000   0.0067  -0.0093    0.154
    27   0.5781   1.0016   0.0000   0.4628   0.0090   0.0261   0.0296   0.0699   0.0563  -0.0000   0.0000   0.0061  -0.0069    0.142
    28   0.5878   1.0183   0.0000   0.4570   0.0064   0.0188   0.0299   0.0512   0.0412  -0.0001   0.0000   0.0049  -0.0047    0.131
    29   0.5943   1.0296   0.0000   0.4532   0.0038   0.0114   0.0302   0.0312   0.0251  -0.0002   0.0000   0.0032  -0.0027    0.123
    30   0.5976   1.0353   0.0000   0.4512   0.0013   0.0038   0.0303   0.0105   0.0085  -0.0002   0.0000   0.0011  -0.0009    0.118

  Surface # 2     Wing (YDUP)                             
     # Chordwise = 20   # Spanwise = 30     First strip = 31
     Surface area Ssurf =    0.651126     Ave. chord Cave =    0.628500

 Forces referred to Sref, Cref, Bref about Xref, Yref, Zref
 Standard axis orientation,  X fwd, Z down         
     CLsurf  =   0.07473     Clsurf  =   0.03363
     CYsurf  =  -0.00031     Cmsurf  =  -0.03119
     CDsurf  =   0.00087     Cnsurf  =   0.00127
     CDisurf =   0.00087     CDvsurf =   0.00000

 Forces referred to Ssurf, Cave 
     CLsurf  =   0.11478     CDsurf  =   0.00134

 Strip Forces referred to Strip Area, Chord
    j     Xle      Yle      Zle      Chord    Area     c_cl     ai     cl_norm    cl       cd       cdv    cm_c/4     cm_LE   C.P.x/c
    31   0.0004  -0.0007   0.0000   0.8058   0.0023   0.0877   0.0173   0.1344   0.1083   0.0174   0.0000  -0.0052   0.0280    0.298
    32   0.0037  -0.0064   0.0000   0.8038   0.0068   0.0877   0.0177   0.1353   0.1090   0.0036   0.0000  -0.0051   0.0280    0.296
    33   0.0102  -0.0177   0.0000   0.8000   0.0112   0.0877   0.0181   0.1361   0.1096   0.0028   0.0000  -0.0047   0.0278    0.293
    34   0.0199  -0.0344   0.0000   0.7942   0.0154   0.0877   0.0186   0.1371   0.1105   0.0026   0.0000  -0.0042   0.0275    0.288
    35   0.0326  -0.0565   0.0000   0.7867   0.0194   0.0878   0.0189   0.1385   0.1116   0.0024   0.0000  -0.0035   0.0272    0.281
    36   0.0482  -0.0836   0.0000   0.7774   0.0230   0.0878   0.0193   0.1401   0.1129   0.0022   0.0000  -0.0028   0.0269    0.275
    37   0.0666  -0.1154   0.0000   0.7664   0.0262   0.0877   0.0196   0.1420   0.1144   0.0020   0.0000  -0.0022   0.0266    0.269
    38   0.0876  -0.1517   0.0000   0.7540   0.0289   0.0875   0.0199   0.1441   0.1161   0.0019   0.0000  -0.0015   0.0265    0.263
    39   0.1108  -0.1920   0.0000   0.7402   0.0312   0.0872   0.0202   0.1463   0.1179   0.0018   0.0000  -0.0009   0.0263    0.258
    40   0.1362  -0.2359   0.0000   0.7252   0.0330   0.0868   0.0205   0.1486   0.1197   0.0016   0.0000  -0.0004   0.0263    0.254
    41   0.1633  -0.2828   0.0000   0.7091   0.0343   0.0861   0.0208   0.1508   0.1214   0.0015   0.0000   0.0000   0.0263    0.250
    42   0.1918  -0.3324   0.0000   0.6921   0.0350   0.0852   0.0210   0.1528   0.1231   0.0014   0.0000   0.0005   0.0262    0.246
    43   0.2216  -0.3839   0.0000   0.6744   0.0353   0.0840   0.0213   0.1546   0.1245   0.0014   0.0000   0.0009   0.0262    0.243
    44   0.2522  -0.4370   0.0000   0.6563   0.0351   0.0825   0.0217   0.1561   0.1257   0.0013   0.0000   0.0013   0.0261    0.240
    45   0.2834  -0.4909   0.0000   0.6378   0.0345   0.0807   0.0220   0.1570   0.1265   0.0012   0.0000   0.0017   0.0259    0.237
    46   0.3146  -0.5451   0.0000   0.6192   0.0335   0.0785   0.0225   0.1574   0.1268   0.0011   0.0000   0.0021   0.0256    0.234
    47   0.3458  -0.5990   0.0000   0.6007   0.0322   0.0759   0.0230   0.1569   0.1264   0.0010   0.0000   0.0025   0.0252    0.230
    48   0.3764  -0.6521   0.0000   0.5826   0.0305   0.0730   0.0235   0.1555   0.1253   0.0009   0.0000   0.0031   0.0245    0.226
    49   0.4062  -0.7036   0.0000   0.5649   0.0286   0.0696   0.0242   0.1530   0.1232   0.0008   0.0000   0.0036   0.0235    0.220
    50   0.4347  -0.7532   0.0000   0.5479   0.0265   0.0658   0.0249   0.1491   0.1201   0.0007   0.0000   0.0043   0.0223    0.214
    51   0.4618  -0.8001   0.0000   0.5318   0.0242   0.0615   0.0257   0.1436   0.1157   0.0006   0.0000   0.0050   0.0207    0.207
    52   0.4872  -0.8440   0.0000   0.5168   0.0218   0.0567   0.0264   0.1363   0.1098   0.0005   0.0000   0.0056   0.0189    0.199
    53   0.5104  -0.8843   0.0000   0.5030   0.0193   0.0515   0.0272   0.1271   0.1024   0.0004   0.0000   0.0063   0.0167    0.189
    54   0.5314  -0.9206   0.0000   0.4906   0.0167   0.0457   0.0279   0.1158   0.0933   0.0003   0.0000   0.0067   0.0144    0.178
    55   0.5498  -0.9524   0.0000   0.4796   0.0142   0.0396   0.0285   0.1025   0.0825   0.0002   0.0000   0.0069   0.0119    0.166
    56   0.5654  -0.9795   0.0000   0.4703   0.0116   0.0330   0.0291   0.0871   0.0702   0.0001   0.0000   0.0067   0.0093    0.154
    57   0.5781  -1.0016   0.0000   0.4628   0.0090   0.0261   0.0296   0.0699   0.0563  -0.0000   0.0000   0.0061   0.0069    0.142
    58   0.5878  -1.0183   0.0000   0.4570   0.0064   0.0188   0.0299   0.0512   0.0412  -0.0001   0.0000   0.0049   0.0047    0.131
    59   0.5943  -1.0296   0.0000   0.4532   0.0038   0.0114   0.0302   0.0312   0.0251  -0.0002   0.0000   0.0032   0.0027    0.123
    60   0.5976  -1.0353   0.0000   0.4512   0.0013   0.0038   0.0303   0.0105   0.0085  -0.0002   0.0000   0.0011   0.0009    0.118
 ---------------------------------------------------------------
